time_ms,p_cell_rsrp,p_cell_rsrq,lat,lng,province_name,district_name,date_hour,cell_id
1780000000000.0,-91,-7.5,21.91417336,105.6456041,T?nh Thái Nguyên,XÃ£ Ä á»‹nh HÃ³a,2026-05-06-00,abcxy50489967.07jhjhdks08071073280.0
1780000000000.0,-89,-7.5,21.91420555,105.645647,T?nh Thái Nguyên,XÃ£ Ä á»‹nh HÃ³a,2026-05-06-00,abcxy50489967.07jhjhdks08071073280.0
1780000000000.0,-91,-6.0,21.91417336,105.6456256,T?nh Thái Nguyên,XÃ£ Ä á»‹nh HÃ³a,2026-05-06-00,abcxy50489967.07jhjhdks08071073280.0
1780000000000.0,-90,-6.0,21.91421628,105.645647,T?nh Thái Nguyên,XÃ£ Ä á»‹nh HÃ³a,2026-05-06-00,abcxy50489967.07jhjhdks08071073280.0
1780000000000.0,-92,-7.0,21.91420555,105.6457114,T?nh Thái Nguyên,XÃ£ Ä á»‹nh HÃ³a,2026-05-06-00,abcxy50489967.07jhjhdks08071073280.0
1780000000000.0,-91,-6.0,21.91417336,105.6456256,T?nh Thái Nguyên,XÃ£ Ä á»‹nh HÃ³a,2026-05-06-00,abcxy50489967.07jhjhdks08071073280.0
1780000000000.0,-90,-7.5,21.91421628,105.645647,T?nh Thái Nguyên,XÃ£ Ä á»‹nh HÃ³a,2026-05-06-00,abcxy50489967.07jhjhdks08071073280.0
1780000000000.0,-91,-6.0,21.91417336,105.6456256,T?nh Thái Nguyên,XÃ£ Ä á»‹nh HÃ³a,2026-05-06-00,abcxy50489967.07jhjhdks08071073280.0
1780000000000.0,-89,-6.0,21.91421628,105.645647,T?nh Thái Nguyên,XÃ£ Ä á»‹nh HÃ³a,2026-05-06-00,abcxy50489967.07jhjhdks08071073280.0
1780000000000.0,-97,-7.0,21.89526916,105.6318498,T?nh Thái Nguyên,XÃ£ Ä á»‹nh HÃ³a,2026-05-06-00,abcxy50489971.95jhjhdks08071073290.0
1780000000000.0,-96,-3.5,21.89541936,105.6318283,T?nh Thái Nguyên,XÃ£ Ä á»‹nh HÃ³a,2026-05-06-00,abcxy50489971.95jhjhdks08071073290.0
1780000000000.0,-97,-7.5,21.89566612,105.632,T?nh Thái Nguyên,XÃ£ Ä á»‹nh HÃ³a,2026-05-06-00,abcxy50489971.95jhjhdks08071073290.0
1780000000000.0,-97,-7.0,21.89612746,105.6314421,T?nh Thái Nguyên,XÃ£ Ä á»‹nh HÃ³a,2026-05-06-00,abcxy50489971.95jhjhdks08071073290.0
1780000000000.0,-98,-7.0,21.89567685,105.632,T?nh Thái Nguyên,XÃ£ Ä á»‹nh HÃ³a,2026-05-06-00,abcxy50489971.95jhjhdks08071073290.0
1780000000000.0,-98,-6.0,21.89481854,105.6317425,T?nh Thái Nguyên,XÃ£ Ä á»‹nh HÃ³a,2026-05-06-00,abcxy50489971.95jhjhdks08071073290.0
1780000000000.0,-97,-6.5,21.89533353,105.6318498,T?nh Thái Nguyên,XÃ£ Ä á»‹nh HÃ³a,2026-05-06-00,abcxy50489971.95jhjhdks08071073290.0
1780000000000.0,-98,-7.5,21.89561248,105.6319141,T?nh Thái Nguyên,XÃ£ Ä á»‹nh HÃ³a,2026-05-06-00,abcxy50489971.95jhjhdks08071073290.0
1780000000000.0,-96,-3.5,21.8953228,105.6318498,T?nh Thái Nguyên,XÃ£ Ä á»‹nh HÃ³a,2026-05-06-00,abcxy50489971.95jhjhdks08071073290.0
1780000000000.0,-97,-4.0,21.89541936,105.6319356,T?nh Thái Nguyên,XÃ£ Ä á»‹nh HÃ³a,2026-05-06-00,abcxy50489971.95jhjhdks08071073290.0
1780000000000.0,-97,-6.0,21.89540863,105.6316781,T?nh Thái Nguyên,XÃ£ Ä á»‹nh HÃ³a,2026-05-06-00,abcxy50489971.95jhjhdks08071073290.0
1780000000000.0,-97,-7.0,21.89639568,105.6311846,T?nh Thái Nguyên,XÃ£ Ä á»‹nh HÃ³a,2026-05-06-00,abcxy50489971.95jhjhdks08071073290.0
1780000000000.0,-95,-7.0,21.89566612,105.632,T?nh Thái Nguyên,XÃ£ Ä á»‹nh HÃ³a,2026-05-06-00,abcxy50489971.95jhjhdks08071073290.0
1780000000000.0,-98,-3.5,21.89558029,105.6319141,T?nh Thái Nguyên,XÃ£ Ä á»‹nh HÃ³a,2026-05-06-00,abcxy50489971.95jhjhdks08071073290.0
1780000000000.0,-97,-8.0,21.8952477,105.6319571,T?nh Thái Nguyên,XÃ£ Ä á»‹nh HÃ³a,2026-05-06-00,abcxy50489971.95jhjhdks08071073290.0
1780000000000.0,-99,-3.5,21.89559102,105.6320214,T?nh Thái Nguyên,XÃ£ Ä á»‹nh HÃ³a,2026-05-06-00,abcxy50489971.95jhjhdks08071073290.0
1780000000000.0,-97,-6.5,21.895473,105.6317425,T?nh Thái Nguyên,XÃ£ Ä á»‹nh HÃ³a,2026-05-06-00,abcxy50489971.95jhjhdks08071073290.0
1780000000000.0,-96,-7.0,21.89540863,105.6316781,T?nh Thái Nguyên,XÃ£ Ä á»‹nh HÃ³a,2026-05-06-00,abcxy50489971.95jhjhdks08071073290.0
1780000000000.0,-98,-4.0,21.89559102,105.6320214,T?nh Thái Nguyên,XÃ£ Ä á»‹nh HÃ³a,2026-05-06-00,abcxy50489971.95jhjhdks08071073290.0
1780000000000.0,-97,-3.5,21.89567685,105.6321073,T?nh Thái Nguyên,XÃ£ Ä á»‹nh HÃ³a,2026-05-06-00,abcxy50489971.95jhjhdks08071073290.0
1780000000000.0,-97,-6.0,21.89566612,105.6321073,T?nh Thái Nguyên,XÃ£ Ä á»‹nh HÃ³a,2026-05-06-00,abcxy50489971.95jhjhdks08071073290.0
1780000000000.0,-97,-6.0,21.89581633,105.6311202,T?nh Thái Nguyên,XÃ£ Ä á»‹nh HÃ³a,2026-05-06-00,abcxy50489971.95jhjhdks08071073290.0
1780000000000.0,-98,-5.5,21.89494729,105.6319141,T?nh Thái Nguyên,XÃ£ Ä á»‹nh HÃ³a,2026-05-06-00,abcxy50489971.95jhjhdks08071073290.0
1780000000000.0,-96,-5.0,21.895473,105.6317425,T?nh Thái Nguyên,XÃ£ Ä á»‹nh HÃ³a,2026-05-06-00,abcxy50489971.95jhjhdks08071073290.0
1780000000000.0,-98,-7.0,21.89567685,105.632,T?nh Thái Nguyên,XÃ£ Ä á»‹nh HÃ³a,2026-05-06-00,abcxy50489971.95jhjhdks08071073290.0
1780000000000.0,-97,-6.0,21.89452887,105.6316566,T?nh Thái Nguyên,XÃ£ Ä á»‹nh HÃ³a,2026-05-06-00,abcxy50489971.95jhjhdks08071073290.0
1780000000000.0,-97,-5.5,21.89526916,105.6318498,T?nh Thái Nguyên,XÃ£ Ä á»‹nh HÃ³a,2026-05-06-00,abcxy50489971.95jhjhdks08071073290.0
1780000000000.0,-96,-4.5,21.89559102,105.6320214,T?nh Thái Nguyên,XÃ£ Ä á»‹nh HÃ³a,2026-05-06-00,abcxy50489971.95jhjhdks08071073290.0
1780000000000.0,-97,-5.5,21.89605236,105.6309271,T?nh Thái Nguyên,XÃ£ Ä á»‹nh HÃ³a,2026-05-06-00,abcxy50489971.95jhjhdks08071073290.0
1780000000000.0,-96,-6.5,21.89578414,105.6319571,T?nh Thái Nguyên,XÃ£ Ä á»‹nh HÃ³a,2026-05-06-00,abcxy50489971.95jhjhdks08071073290.0
1780000000000.0,-96,-6.5,21.89566612,105.6321073,T?nh Thái Nguyên,XÃ£ Ä á»‹nh HÃ³a,2026-05-06-00,abcxy50489971.95jhjhdks08071073290.0
1780000000000.0,-96,-7.0,21.89553738,105.632,T?nh Thái Nguyên,XÃ£ Ä á»‹nh HÃ³a,2026-05-06-00,abcxy50489971.95jhjhdks08071073290.0
1780000000000.0,-99,-6.0,21.89536572,105.6319141,T?nh Thái Nguyên,XÃ£ Ä á»‹nh HÃ³a,2026-05-06-00,abcxy50489971.95jhjhdks08071073290.0
1780000000000.0,-97,-7.5,21.89581633,105.6311202,T?nh Thái Nguyên,XÃ£ Ä á»‹nh HÃ³a,2026-05-06-00,abcxy50489971.95jhjhdks08071073290.0
1780000000000.0,-97,-4.5,21.89540863,105.6316781,T?nh Thái Nguyên,XÃ£ Ä á»‹nh HÃ³a,2026-05-06-00,abcxy50489971.95jhjhdks08071073290.0
1780000000000.0,-98,-4.0,21.89558029,105.6319141,T?nh Thái Nguyên,XÃ£ Ä á»‹nh HÃ³a,2026-05-06-00,abcxy50489971.95jhjhdks08071073290.0
1780000000000.0,-97,-6.5,21.89540863,105.6316781,T?nh Thái Nguyên,XÃ£ Ä á»‹nh HÃ³a,2026-05-06-00,abcxy50489971.95jhjhdks08071073290.0
1780000000000.0,-96,-3.5,21.89568758,105.6320858,T?nh Thái Nguyên,XÃ£ Ä á»‹nh HÃ³a,2026-05-06-00,abcxy50489971.95jhjhdks08071073290.0
1780000000000.0,-97,-6.0,21.89639568,105.6311846,T?nh Thái Nguyên,XÃ£ Ä á»‹nh HÃ³a,2026-05-06-00,abcxy50489971.95jhjhdks08071073290.0
1780000000000.0,-97,-6.0,21.89578414,105.6319571,T?nh Thái Nguyên,XÃ£ Ä á»‹nh HÃ³a,2026-05-06-00,abcxy50489971.95jhjhdks08071073290.0
1780000000000.0,-100,-6.5,21.89559102,105.6320214,T?nh Thái Nguyên,XÃ£ Ä á»‹nh HÃ³a,2026-05-06-00,abcxy50489971.95jhjhdks08071073290.0
1780000000000.0,-96,-6.0,21.89566612,105.632,T?nh Thái Nguyên,XÃ£ Ä á»‹nh HÃ³a,2026-05-06-00,abcxy50489971.95jhjhdks08071073290.0
1780000000000.0,-97,-5.5,21.89612746,105.6314421,T?nh Thái Nguyên,XÃ£ Ä á»‹nh HÃ³a,2026-05-06-00,abcxy50489971.95jhjhdks08071073290.0
1780000000000.0,-97,-3.0,21.89578414,105.6319571,T?nh Thái Nguyên,XÃ£ Ä á»‹nh HÃ³a,2026-05-06-00,abcxy50489971.95jhjhdks08071073290.0
1780000000000.0,-97,-6.5,21.89494729,105.6319141,T?nh Thái Nguyên,XÃ£ Ä á»‹nh HÃ³a,2026-05-06-00,abcxy50489971.95jhjhdks08071073290.0
1780000000000.0,-97,-6.0,21.89481854,105.6317425,T?nh Thái Nguyên,XÃ£ Ä á»‹nh HÃ³a,2026-05-06-00,abcxy50489971.95jhjhdks08071073290.0
1780000000000.0,-97,-7.5,21.895473,105.6317425,T?nh Thái Nguyên,XÃ£ Ä á»‹nh HÃ³a,2026-05-06-00,abcxy50489971.95jhjhdks08071073290.0
1780000000000.0,-97,-7.0,21.89605236,105.6309271,T?nh Thái Nguyên,XÃ£ Ä á»‹nh HÃ³a,2026-05-06-00,abcxy50489971.95jhjhdks08071073290.0
1780000000000.0,-97,-7.0,21.89566612,105.6321073,T?nh Thái Nguyên,XÃ£ Ä á»‹nh HÃ³a,2026-05-06-00,abcxy50489971.95jhjhdks08071073290.0
1780000000000.0,-97,-5.5,21.895473,105.6317425,T?nh Thái Nguyên,XÃ£ Ä á»‹nh HÃ³a,2026-05-06-00,abcxy50489971.95jhjhdks08071073290.0
1780000000000.0,-96,-6.0,21.89566612,105.6321073,T?nh Thái Nguyên,XÃ£ Ä á»‹nh HÃ³a,2026-05-06-00,abcxy50489971.95jhjhdks08071073290.0
1780000000000.0,-98,-7.0,21.89566612,105.632,T?nh Thái Nguyên,XÃ£ Ä á»‹nh HÃ³a,2026-05-06-00,abcxy50489971.95jhjhdks08071073290.0
1780000000000.0,-97,-6.5,21.89584851,105.6317425,T?nh Thái Nguyên,XÃ£ Ä á»‹nh HÃ³a,2026-05-06-00,abcxy50489971.95jhjhdks08071073290.0
1780000000000.0,-97,-7.0,21.89578414,105.6319571,T?nh Thái Nguyên,XÃ£ Ä á»‹nh HÃ³a,2026-05-06-00,abcxy50489971.95jhjhdks08071073290.0
1780000000000.0,-96,-4.0,21.89567685,105.6321073,T?nh Thái Nguyên,XÃ£ Ä á»‹nh HÃ³a,2026-05-06-00,abcxy50489971.95jhjhdks08071073290.0
1780000000000.0,-96,-7.0,21.89559102,105.6320214,T?nh Thái Nguyên,XÃ£ Ä á»‹nh HÃ³a,2026-05-06-00,abcxy50489971.95jhjhdks08071073290.0
1780000000000.0,-96,-6.5,21.89540863,105.6316781,T?nh Thái Nguyên,XÃ£ Ä á»‹nh HÃ³a,2026-05-06-00,abcxy50489971.95jhjhdks08071073290.0
1780000000000.0,-98,-8.5,21.89558029,105.6319141,T?nh Thái Nguyên,XÃ£ Ä á»‹nh HÃ³a,2026-05-06-00,abcxy50489971.95jhjhdks08071073290.0
1780000000000.0,-98,-3.5,21.89558029,105.6319141,T?nh Thái Nguyên,XÃ£ Ä á»‹nh HÃ³a,2026-05-06-00,abcxy50489971.95jhjhdks08071073290.0
1780000000000.0,-98,-3.5,21.89567685,105.632,T?nh Thái Nguyên,XÃ£ Ä á»‹nh HÃ³a,2026-05-06-00,abcxy50489971.95jhjhdks08071073290.0
1780000000000.0,-96,-6.5,21.89523697,105.6318498,T?nh Thái Nguyên,XÃ£ Ä á»‹nh HÃ³a,2026-05-06-00,abcxy50489971.95jhjhdks08071073290.0
1780000000000.0,-98,-5.0,21.89555883,105.6318927,T?nh Thái Nguyên,XÃ£ Ä á»‹nh HÃ³a,2026-05-06-00,abcxy50489971.95jhjhdks08071073290.0
1780000000000.0,-97,-6.0,21.89540863,105.6316781,T?nh Thái Nguyên,XÃ£ Ä á»‹nh HÃ³a,2026-05-06-00,abcxy50489971.95jhjhdks08071073290.0
1780000000000.0,-98,-6.5,21.89558029,105.6319141,T?nh Thái Nguyên,XÃ£ Ä á»‹nh HÃ³a,2026-05-06-00,abcxy50489971.95jhjhdks08071073290.0
1780000000000.0,-97,-6.0,21.89566612,105.6321073,T?nh Thái Nguyên,XÃ£ Ä á»‹nh HÃ³a,2026-05-06-00,abcxy50489971.95jhjhdks08071073290.0
1780000000000.0,-97,-3.0,21.89578414,105.6319571,T?nh Thái Nguyên,XÃ£ Ä á»‹nh HÃ³a,2026-05-06-00,abcxy50489971.95jhjhdks08071073290.0
1780000000000.0,-96,-6.0,21.89566612,105.632,T?nh Thái Nguyên,XÃ£ Ä á»‹nh HÃ³a,2026-05-06-00,abcxy50489971.95jhjhdks08071073290.0
1780000000000.0,-96,-6.5,21.89567685,105.6321073,T?nh Thái Nguyên,XÃ£ Ä á»‹nh HÃ³a,2026-05-06-00,abcxy50489971.95jhjhdks08071073290.0
1780000000000.0,-98,-7.5,21.89558029,105.6319141,T?nh Thái Nguyên,XÃ£ Ä á»‹nh HÃ³a,2026-05-06-00,abcxy50489971.95jhjhdks08071073290.0
1780000000000.0,-96,-7.0,21.89553738,105.632,T?nh Thái Nguyên,XÃ£ Ä á»‹nh HÃ³a,2026-05-06-00,abcxy50489971.95jhjhdks08071073290.0
1780000000000.0,-98,-6.0,21.89566612,105.632,T?nh Thái Nguyên,XÃ£ Ä á»‹nh HÃ³a,2026-05-06-00,abcxy50489971.95jhjhdks08071073290.0
1780000000000.0,-97,-6.0,21.89566612,105.632,T?nh Thái Nguyên,XÃ£ Ä á»‹nh HÃ³a,2026-05-06-00,abcxy50489971.95jhjhdks08071073290.0
1780000000000.0,-97,-7.0,21.89541936,105.6319356,T?nh Thái Nguyên,XÃ£ Ä á»‹nh HÃ³a,2026-05-06-00,abcxy50489971.95jhjhdks08071073290.0
1780000000000.0,-96,-7.0,21.89548373,105.6318069,T?nh Thái Nguyên,XÃ£ Ä á»‹nh HÃ³a,2026-05-06-00,abcxy50489971.95jhjhdks08071073290.0
1780000000000.0,-98,-4.5,21.89536572,105.6319141,T?nh Thái Nguyên,XÃ£ Ä á»‹nh HÃ³a,2026-05-06-00,abcxy50489971.95jhjhdks08071073290.0
1780000000000.0,-97,-7.0,21.89618111,105.6308198,T?nh Thái Nguyên,XÃ£ Ä á»‹nh HÃ³a,2026-05-06-00,abcxy50489971.95jhjhdks08071073290.0
1780000000000.0,-98,-6.0,21.89558029,105.6319141,T?nh Thái Nguyên,XÃ£ Ä á»‹nh HÃ³a,2026-05-06-00,abcxy50489971.95jhjhdks08071073290.0
1780000000000.0,-96,-7.0,21.89538717,105.6319785,T?nh Thái Nguyên,XÃ£ Ä á»‹nh HÃ³a,2026-05-06-00,abcxy50489971.95jhjhdks08071073290.0
1780000000000.0,-96,-6.0,21.89584851,105.6317425,T?nh Thái Nguyên,XÃ£ Ä á»‹nh HÃ³a,2026-05-06-00,abcxy50489971.95jhjhdks08071073290.0
1780000000000.0,-97,-6.5,21.89567685,105.6321073,T?nh Thái Nguyên,XÃ£ Ä á»‹nh HÃ³a,2026-05-06-00,abcxy50489971.95jhjhdks08071073290.0
1780000000000.0,-97,-5.5,21.89540863,105.6316781,T?nh Thái Nguyên,XÃ£ Ä á»‹nh HÃ³a,2026-05-06-00,abcxy50489971.95jhjhdks08071073290.0
1780000000000.0,-97,-7.0,21.89541936,105.6318283,T?nh Thái Nguyên,XÃ£ Ä á»‹nh HÃ³a,2026-05-06-00,abcxy50489971.95jhjhdks08071073290.0
1780000000000.0,-99,-6.5,21.89559102,105.6320214,T?nh Thái Nguyên,XÃ£ Ä á»‹nh HÃ³a,2026-05-06-00,abcxy50489971.95jhjhdks08071073290.0
1780000000000.0,-97,-4.0,21.89523697,105.6318498,T?nh Thái Nguyên,XÃ£ Ä á»‹nh HÃ³a,2026-05-06-00,abcxy50489971.95jhjhdks08071073290.0
1780000000000.0,-97,-6.0,21.89561248,105.6320214,T?nh Thái Nguyên,XÃ£ Ä á»‹nh HÃ³a,2026-05-06-00,abcxy50489971.95jhjhdks08071073290.0
1780000000000.0,-97,-7.5,21.89566612,105.6321073,T?nh Thái Nguyên,XÃ£ Ä á»‹nh HÃ³a,2026-05-06-00,abcxy50489971.95jhjhdks08071073290.0
1780000000000.0,-98,-3.5,21.89567685,105.632,T?nh Thái Nguyên,XÃ£ Ä á»‹nh HÃ³a,2026-05-06-00,abcxy50489971.95jhjhdks08071073290.0
1780000000000.0,-97,-4.0,21.89578414,105.6319571,T?nh Thái Nguyên,XÃ£ Ä á»‹nh HÃ³a,2026-05-06-00,abcxy50489971.95jhjhdks08071073290.0
1780000000000.0,-97,-5.0,21.895473,105.6317425,T?nh Thái Nguyên,XÃ£ Ä á»‹nh HÃ³a,2026-05-06-00,abcxy50489971.95jhjhdks08071073290.0
1780000000000.0,-96,-6.5,21.89578414,105.6319571,T?nh Thái Nguyên,XÃ£ Ä á»‹nh HÃ³a,2026-05-06-00,abcxy50489971.95jhjhdks08071073290.0
1780000000000.0,-97,-4.5,21.8952477,105.6319571,T?nh Thái Nguyên,XÃ£ Ä á»‹nh HÃ³a,2026-05-06-00,abcxy50489971.95jhjhdks08071073290.0
1780000000000.0,-96,-6.5,21.895473,105.6317425,T?nh Thái Nguyên,XÃ£ Ä á»‹nh HÃ³a,2026-05-06-00,abcxy50489971.95jhjhdks08071073290.0
1780000000000.0,-94,-8.5,21.46445274,105.8642364,T?nh Thái Nguyên,PhÆ°á» ng SÃ´ng CÃ´ng,2026-05-06-00,abcxy51241247.03jhjhdks08072130830.0
1780000000000.0,-96,-8.5,21.46446347,105.8642364,T?nh Thái Nguyên,PhÆ°á» ng SÃ´ng CÃ´ng,2026-05-06-00,abcxy51241247.03jhjhdks08072130830.0
1780000000000.0,-96,-9.0,21.46445274,105.8642364,T?nh Thái Nguyên,PhÆ°á» ng SÃ´ng CÃ´ng,2026-05-06-00,abcxy51241247.03jhjhdks08072130830.0
1780000000000.0,-103,-17.0,21.46241426,105.8647728,T?nh Thái Nguyên,PhÆ°á» ng SÃ´ng CÃ´ng,2026-05-06-00,abcxy51241247.03jhjhdks08072130830.0
1780000000000.0,-91,-10.5,21.5986383,105.8425426,T?nh Thái Nguyên,PhÆ°á» ng Phan Ä Ã¬nh PhÃ¹ng,2026-05-06-00,abcxy51241743.01jhjhdks08072131530.0
1780000000000.0,-102,-15.0,21.59856319,105.842607,T?nh Thái Nguyên,PhÆ°á» ng Phan Ä Ã¬nh PhÃ¹ng,2026-05-06-00,abcxy51241743.01jhjhdks08072131530.0
1780000000000.0,-100,-7.5,21.59887433,105.8435941,T?nh Thái Nguyên,PhÆ°á» ng Phan Ä Ã¬nh PhÃ¹ng,2026-05-06-00,abcxy51241743.01jhjhdks08072131530.0
1780000000000.0,-100,-7.5,21.59887433,105.8435941,T?nh Thái Nguyên,PhÆ°á» ng Phan Ä Ã¬nh PhÃ¹ng,2026-05-06-00,abcxy51241743.99jhjhdks08072131530.0
1780000000000.0,-74,-4.5,21.59833789,105.8435297,T?nh Thái Nguyên,PhÆ°á» ng Phan Ä Ã¬nh PhÃ¹ng,2026-05-06-00,abcxy51241743.99jhjhdks08072131530.0
1780000000000.0,-84,-6.0,21.59874558,105.8435082,T?nh Thái Nguyên,PhÆ°á» ng Phan Ä Ã¬nh PhÃ¹ng,2026-05-06-00,abcxy51241743.99jhjhdks08072131530.0
1780000000000.0,-88,-5.0,21.59867048,105.8435082,T?nh Thái Nguyên,PhÆ°á» ng Phan Ä Ã¬nh PhÃ¹ng,2026-05-06-00,abcxy51241743.99jhjhdks08072131530.0
1780000000000.0,-87,-6.5,21.59872413,105.8435297,T?nh Thái Nguyên,PhÆ°á» ng Phan Ä Ã¬nh PhÃ¹ng,2026-05-06-00,abcxy51241743.99jhjhdks08072131530.0
1780000000000.0,-82,-7.0,21.5987134,105.8435082,T?nh Thái Nguyên,PhÆ°á» ng Phan Ä Ã¬nh PhÃ¹ng,2026-05-06-00,abcxy51241743.99jhjhdks08072131530.0
1780000000000.0,-90,-9.5,21.59858465,105.8426499,T?nh Thái Nguyên,PhÆ°á» ng Phan Ä Ã¬nh PhÃ¹ng,2026-05-06-00,abcxy51241743.99jhjhdks08072131530.0
1780000000000.0,-88,-7.0,21.5987134,105.8435082,T?nh Thái Nguyên,PhÆ°á» ng Phan Ä Ã¬nh PhÃ¹ng,2026-05-06-00,abcxy51241743.99jhjhdks08072131530.0
1780000000000.0,-81,-8.5,21.59828424,105.8434868,T?nh Thái Nguyên,PhÆ°á» ng Phan Ä Ã¬nh PhÃ¹ng,2026-05-06-00,abcxy51241743.99jhjhdks08072131530.0
1780000000000.0,-85,-6.5,21.59872413,105.8434868,T?nh Thái Nguyên,PhÆ°á» ng Phan Ä Ã¬nh PhÃ¹ng,2026-05-06-00,abcxy51241743.99jhjhdks08072131530.0
1780000000000.0,-83,-5.5,21.5987134,105.8435082,T?nh Thái Nguyên,PhÆ°á» ng Phan Ä Ã¬nh PhÃ¹ng,2026-05-06-00,abcxy51241743.99jhjhdks08072131530.0
1780000000000.0,-87,-8.0,21.59870267,105.8435082,T?nh Thái Nguyên,PhÆ°á» ng Phan Ä Ã¬nh PhÃ¹ng,2026-05-06-00,abcxy51241743.99jhjhdks08072131530.0
1780000000000.0,-81,-8.5,21.59849882,105.8436584,T?nh Thái Nguyên,PhÆ°á» ng Phan Ä Ã¬nh PhÃ¹ng,2026-05-06-00,abcxy51241743.99jhjhdks08072131530.0
1780000000000.0,-92,-7.5,21.59896016,105.8442593,T?nh Thái Nguyên,PhÆ°á» ng Phan Ä Ã¬nh PhÃ¹ng,2026-05-06-00,abcxy51241743.99jhjhdks08072131530.0
1780000000000.0,-84,-9.0,21.5987134,105.8435082,T?nh Thái Nguyên,PhÆ°á» ng Phan Ä Ã¬nh PhÃ¹ng,2026-05-06-00,abcxy51241743.99jhjhdks08072131530.0
1780000000000.0,-86,-8.5,21.59874558,105.8435082,T?nh Thái Nguyên,PhÆ°á» ng Phan Ä Ã¬nh PhÃ¹ng,2026-05-06-00,abcxy51241743.99jhjhdks08072131530.0
1780000000000.0,-84,-6.5,21.59868121,105.8434653,T?nh Thái Nguyên,PhÆ°á» ng Phan Ä Ã¬nh PhÃ¹ng,2026-05-06-00,abcxy51241743.99jhjhdks08072131530.0
1780000000000.0,-83,-9.0,21.59891725,105.8435082,T?nh Thái Nguyên,PhÆ°á» ng Phan Ä Ã¬nh PhÃ¹ng,2026-05-06-00,abcxy51241743.99jhjhdks08072131530.0
1780000000000.0,-88,-7.0,21.59873486,105.8434868,T?nh Thái Nguyên,PhÆ°á» ng Phan Ä Ã¬nh PhÃ¹ng,2026-05-06-00,abcxy51241743.99jhjhdks08072131530.0
1780000000000.0,-74,-4.5,21.59840226,105.8435726,T?nh Thái Nguyên,PhÆ°á» ng Phan Ä Ã¬nh PhÃ¹ng,2026-05-06-00,abcxy51241743.99jhjhdks08072131530.0
1780000000000.0,-89,-8.5,21.59870267,105.8434868,T?nh Thái Nguyên,PhÆ°á» ng Phan Ä Ã¬nh PhÃ¹ng,2026-05-06-00,abcxy51241743.99jhjhdks08072131530.0
1780000000000.0,-84,-6.0,21.59879923,105.8435297,T?nh Thái Nguyên,PhÆ°á» ng Phan Ä Ã¬nh PhÃ¹ng,2026-05-06-00,abcxy51241743.99jhjhdks08072131530.0
1780000000000.0,-85,-7.5,21.59873486,105.8434868,T?nh Thái Nguyên,PhÆ°á» ng Phan Ä Ã¬nh PhÃ¹ng,2026-05-06-00,abcxy51241743.99jhjhdks08072131530.0
1780000000000.0,-76,-4.5,21.5988636,105.8441734,T?nh Thái Nguyên,PhÆ°á» ng Phan Ä Ã¬nh PhÃ¹ng,2026-05-06-00,abcxy51241743.99jhjhdks08072131530.0
1780000000000.0,-85,-5.0,21.59870267,105.8434868,T?nh Thái Nguyên,PhÆ°á» ng Phan Ä Ã¬nh PhÃ¹ng,2026-05-06-00,abcxy51241743.99jhjhdks08072131530.0
1780000000000.0,-87,-3.5,21.59849882,105.8436584,T?nh Thái Nguyên,PhÆ°á» ng Phan Ä Ã¬nh PhÃ¹ng,2026-05-06-00,abcxy51241743.99jhjhdks08072131530.0
1780000000000.0,-82,-5.0,21.59874558,105.8435082,T?nh Thái Nguyên,PhÆ°á» ng Phan Ä Ã¬nh PhÃ¹ng,2026-05-06-00,abcxy51241743.99jhjhdks08072131530.0
1780000000000.0,-85,-5.0,21.59874558,105.8435082,T?nh Thái Nguyên,PhÆ°á» ng Phan Ä Ã¬nh PhÃ¹ng,2026-05-06-00,abcxy51241743.99jhjhdks08072131530.0
1780000000000.0,-88,-6.0,21.59870267,105.8434868,T?nh Thái Nguyên,PhÆ°á» ng Phan Ä Ã¬nh PhÃ¹ng,2026-05-06-00,abcxy51241743.99jhjhdks08072131530.0
1780000000000.0,-75,-6.0,21.59840226,105.8435726,T?nh Thái Nguyên,PhÆ°á» ng Phan Ä Ã¬nh PhÃ¹ng,2026-05-06-00,abcxy51241743.99jhjhdks08072131530.0
1780000000000.0,-83,-7.5,21.5987134,105.8435082,T?nh Thái Nguyên,PhÆ°á» ng Phan Ä Ã¬nh PhÃ¹ng,2026-05-06-00,abcxy51241743.99jhjhdks08072131530.0
1780000000000.0,-87,-6.5,21.59868121,105.8434653,T?nh Thái Nguyên,PhÆ°á» ng Phan Ä Ã¬nh PhÃ¹ng,2026-05-06-00,abcxy51241743.99jhjhdks08072131530.0
1780000000000.0,-80,-7.0,21.59849882,105.8436584,T?nh Thái Nguyên,PhÆ°á» ng Phan Ä Ã¬nh PhÃ¹ng,2026-05-06-00,abcxy51241743.99jhjhdks08072131530.0
1780000000000.0,-84,-6.5,21.59867048,105.8434653,T?nh Thái Nguyên,PhÆ°á» ng Phan Ä Ã¬nh PhÃ¹ng,2026-05-06-00,abcxy51241743.99jhjhdks08072131530.0
1780000000000.0,-92,-9.5,21.59847736,105.8427787,T?nh Thái Nguyên,PhÆ°á» ng Phan Ä Ã¬nh PhÃ¹ng,2026-05-06-00,abcxy51241743.99jhjhdks08072131530.0
1780000000000.0,-80,-9.0,21.59875631,105.8440876,T?nh Thái Nguyên,PhÆ°á» ng Phan Ä Ã¬nh PhÃ¹ng,2026-05-06-00,abcxy51241743.99jhjhdks08072131530.0
1780000000000.0,-91,-10.0,21.59858465,105.8426499,T?nh Thái Nguyên,PhÆ°á» ng Phan Ä Ã¬nh PhÃ¹ng,2026-05-06-00,abcxy51241743.99jhjhdks08072131530.0
1780000000000.0,-86,-7.0,21.59890652,105.8442163,T?nh Thái Nguyên,PhÆ°á» ng Phan Ä Ã¬nh PhÃ¹ng,2026-05-06-00,abcxy51241743.99jhjhdks08072131530.0
1780000000000.0,-86,-9.5,21.59870267,105.8435082,T?nh Thái Nguyên,PhÆ°á» ng Phan Ä Ã¬nh PhÃ¹ng,2026-05-06-00,abcxy51241743.99jhjhdks08072131530.0
1780000000000.0,-79,-8.5,21.59873486,105.8432508,T?nh Thái Nguyên,PhÆ°á» ng Phan Ä Ã¬nh PhÃ¹ng,2026-05-06-00,abcxy51241743.99jhjhdks08072131530.0
1780000000000.0,-92,-6.0,21.5986383,105.8435082,T?nh Thái Nguyên,PhÆ°á» ng Phan Ä Ã¬nh PhÃ¹ng,2026-05-06-00,abcxy51241743.99jhjhdks08072131530.0
1780000000000.0,-82,-6.0,21.59879923,105.8435297,T?nh Thái Nguyên,PhÆ°á» ng Phan Ä Ã¬nh PhÃ¹ng,2026-05-06-00,abcxy51241743.99jhjhdks08072131530.0
1780000000000.0,-83,-8.0,21.5987134,105.8435082,T?nh Thái Nguyên,PhÆ°á» ng Phan Ä Ã¬nh PhÃ¹ng,2026-05-06-00,abcxy51241743.99jhjhdks08072131530.0
1780000000000.0,-74,-8.0,21.59825206,105.8429289,T?nh Thái Nguyên,PhÆ°á» ng Phan Ä Ã¬nh PhÃ¹ng,2026-05-06-00,abcxy51241743.99jhjhdks08072131530.0
1780000000000.0,-86,-7.0,21.59873486,105.8434868,T?nh Thái Nguyên,PhÆ°á» ng Phan Ä Ã¬nh PhÃ¹ng,2026-05-06-00,abcxy51241743.99jhjhdks08072131530.0
1780000000000.0,-90,-7.5,21.59869194,105.8434868,T?nh Thái Nguyên,PhÆ°á» ng Phan Ä Ã¬nh PhÃ¹ng,2026-05-06-00,abcxy51241743.99jhjhdks08072131530.0
1780000000000.0,-85,-5.0,21.59874558,105.8434868,T?nh Thái Nguyên,PhÆ°á» ng Phan Ä Ã¬nh PhÃ¹ng,2026-05-06-00,abcxy51241743.99jhjhdks08072131530.0
1780000000000.0,-85,-7.5,21.59870267,105.8435082,T?nh Thái Nguyên,PhÆ°á» ng Phan Ä Ã¬nh PhÃ¹ng,2026-05-06-00,abcxy51241743.99jhjhdks08072131530.0
1780000000000.0,-87,-7.5,21.59869194,105.8434653,T?nh Thái Nguyên,PhÆ°á» ng Phan Ä Ã¬nh PhÃ¹ng,2026-05-06-00,abcxy51241743.99jhjhdks08072131530.0
1780000000000.0,-75,-6.5,21.59864902,105.843401,T?nh Thái Nguyên,PhÆ°á» ng Phan Ä Ã¬nh PhÃ¹ng,2026-05-06-00,abcxy51241743.99jhjhdks08072131530.0
1780000000000.0,-79,-8.5,21.5987134,105.8435082,T?nh Thái Nguyên,PhÆ°á» ng Phan Ä Ã¬nh PhÃ¹ng,2026-05-06-00,abcxy51241743.99jhjhdks08072131530.0
1780000000000.0,-83,-8.0,21.59870267,105.8434868,T?nh Thái Nguyên,PhÆ°á» ng Phan Ä Ã¬nh PhÃ¹ng,2026-05-06-00,abcxy51241743.99jhjhdks08072131530.0
1780000000000.0,-83,-7.0,21.5987134,105.8435082,T?nh Thái Nguyên,PhÆ°á» ng Phan Ä Ã¬nh PhÃ¹ng,2026-05-06-00,abcxy51241743.99jhjhdks08072131530.0
1780000000000.0,-88,-8.5,21.59870267,105.8435082,T?nh Thái Nguyên,PhÆ°á» ng Phan Ä Ã¬nh PhÃ¹ng,2026-05-06-00,abcxy51241743.99jhjhdks08072131530.0
1780000000000.0,-82,-7.5,21.59868121,105.8434653,T?nh Thái Nguyên,PhÆ°á» ng Phan Ä Ã¬nh PhÃ¹ng,2026-05-06-00,abcxy51241743.99jhjhdks08072131530.0
1780000000000.0,-76,-7.0,21.59828424,105.8434868,T?nh Thái Nguyên,PhÆ°á» ng Phan Ä Ã¬nh PhÃ¹ng,2026-05-06-00,abcxy51241743.99jhjhdks08072131530.0
1780000000000.0,-82,-8.0,21.59883142,105.8435082,T?nh Thái Nguyên,PhÆ°á» ng Phan Ä Ã¬nh PhÃ¹ng,2026-05-06-00,abcxy51241743.99jhjhdks08072131530.0
1780000000000.0,-85,-5.0,21.59870267,105.8434868,T?nh Thái Nguyên,PhÆ°á» ng Phan Ä Ã¬nh PhÃ¹ng,2026-05-06-00,abcxy51241743.99jhjhdks08072131530.0
1780000000000.0,-83,-7.0,21.5987134,105.8435082,T?nh Thái Nguyên,PhÆ°á» ng Phan Ä Ã¬nh PhÃ¹ng,2026-05-06-00,abcxy51241743.99jhjhdks08072131530.0
1780000000000.0,-98,-6.5,21.5988636,105.8437872,T?nh Thái Nguyên,PhÆ°á» ng Phan Ä Ã¬nh PhÃ¹ng,2026-05-06-00,abcxy51241743.99jhjhdks08072131530.0
1780000000000.0,-87,-8.5,21.5987134,105.8435512,T?nh Thái Nguyên,PhÆ°á» ng Phan Ä Ã¬nh PhÃ¹ng,2026-05-06-00,abcxy51241743.99jhjhdks08072131530.0
1780000000000.0,-91,-12.0,21.59862757,105.8425212,T?nh Thái Nguyên,PhÆ°á» ng Phan Ä Ã¬nh PhÃ¹ng,2026-05-06-00,abcxy51241743.99jhjhdks08072131530.0
1780000000000.0,-75,-4.5,21.59890652,105.8442163,T?nh Thái Nguyên,PhÆ°á» ng Phan Ä Ã¬nh PhÃ¹ng,2026-05-06-00,abcxy51241743.99jhjhdks08072131530.0
1780000000000.0,-85,-5.5,21.59874558,105.8435082,T?nh Thái Nguyên,PhÆ°á» ng Phan Ä Ã¬nh PhÃ¹ng,2026-05-06-00,abcxy51241743.99jhjhdks08072131530.0
1780000000000.0,-86,-9.5,21.59870267,105.8434868,T?nh Thái Nguyên,PhÆ°á» ng Phan Ä Ã¬nh PhÃ¹ng,2026-05-06-00,abcxy51241743.99jhjhdks08072131530.0
1780000000000.0,-88,-8.5,21.59870267,105.8435082,T?nh Thái Nguyên,PhÆ°á» ng Phan Ä Ã¬nh PhÃ¹ng,2026-05-06-00,abcxy51241743.99jhjhdks08072131530.0
1780000000000.0,-86,-6.5,21.59874558,105.8434868,T?nh Thái Nguyên,PhÆ°á» ng Phan Ä Ã¬nh PhÃ¹ng,2026-05-06-00,abcxy51241743.99jhjhdks08072131530.0
1780000000000.0,-78,-8.0,21.59884214,105.8430576,T?nh Thái Nguyên,PhÆ°á» ng Phan Ä Ã¬nh PhÃ¹ng,2026-05-06-00,abcxy51241743.99jhjhdks08072131530.0
1780000000000.0,-86,-7.5,21.5987134,105.8435512,T?nh Thái Nguyên,PhÆ°á» ng Phan Ä Ã¬nh PhÃ¹ng,2026-05-06-00,abcxy51241743.99jhjhdks08072131530.0
1780000000000.0,-83,-8.5,21.59873486,105.8434868,T?nh Thái Nguyên,PhÆ°á» ng Phan Ä Ã¬nh PhÃ¹ng,2026-05-06-00,abcxy51241743.99jhjhdks08072131530.0
1780000000000.0,-83,-8.0,21.5987134,105.8435082,T?nh Thái Nguyên,PhÆ°á» ng Phan Ä Ã¬nh PhÃ¹ng,2026-05-06-00,abcxy51241743.99jhjhdks08072131530.0
1780000000000.0,-88,-7.5,21.59867048,105.8434653,T?nh Thái Nguyên,PhÆ°á» ng Phan Ä Ã¬nh PhÃ¹ng,2026-05-06-00,abcxy51241743.99jhjhdks08072131530.0
1780000000000.0,-85,-6.0,21.59874558,105.8435082,T?nh Thái Nguyên,PhÆ°á» ng Phan Ä Ã¬nh PhÃ¹ng,2026-05-06-00,abcxy51241743.99jhjhdks08072131530.0
1780000000000.0,-98,-9.0,21.59890652,105.8435941,T?nh Thái Nguyên,PhÆ°á» ng Phan Ä Ã¬nh PhÃ¹ng,2026-05-06-00,abcxy51241743.99jhjhdks08072131530.0
1780000000000.0,-82,-6.0,21.5987134,105.8435082,T?nh Thái Nguyên,PhÆ°á» ng Phan Ä Ã¬nh PhÃ¹ng,2026-05-06-00,abcxy51241743.99jhjhdks08072131530.0
1780000000000.0,-88,-10.0,21.59891725,105.8435082,T?nh Thái Nguyên,PhÆ°á» ng Phan Ä Ã¬nh PhÃ¹ng,2026-05-06-00,abcxy51241743.99jhjhdks08072131530.0
1780000000000.0,-90,-10.0,21.59869194,105.842607,T?nh Thái Nguyên,PhÆ°á» ng Phan Ä Ã¬nh PhÃ¹ng,2026-05-06-00,abcxy51241743.99jhjhdks08072131530.0
1780000000000.0,-79,-7.5,21.5987134,105.8435082,T?nh Thái Nguyên,PhÆ°á» ng Phan Ä Ã¬nh PhÃ¹ng,2026-05-06-00,abcxy51241743.99jhjhdks08072131530.0
1780000000000.0,-88,-6.5,21.59869194,105.8434653,T?nh Thái Nguyên,PhÆ°á» ng Phan Ä Ã¬nh PhÃ¹ng,2026-05-06-00,abcxy51241743.99jhjhdks08072131530.0
1780000000000.0,-85,-6.5,21.59870267,105.8434868,T?nh Thái Nguyên,PhÆ°á» ng Phan Ä Ã¬nh PhÃ¹ng,2026-05-06-00,abcxy51241743.99jhjhdks08072131530.0
1780000000000.0,-83,-6.0,21.5987134,105.8435082,T?nh Thái Nguyên,PhÆ°á» ng Phan Ä Ã¬nh PhÃ¹ng,2026-05-06-00,abcxy51241743.99jhjhdks08072131530.0
1780000000000.0,-75,-9.5,21.59849882,105.8436584,T?nh Thái Nguyên,PhÆ°á» ng Phan Ä Ã¬nh PhÃ¹ng,2026-05-06-00,abcxy51241743.99jhjhdks08072131530.0
1780000000000.0,-86,-8.5,21.59874558,105.8435082,T?nh Thái Nguyên,PhÆ°á» ng Phan Ä Ã¬nh PhÃ¹ng,2026-05-06-00,abcxy51241743.99jhjhdks08072131530.0
1780000000000.0,-83,-7.0,21.59874558,105.8435082,T?nh Thái Nguyên,PhÆ°á» ng Phan Ä Ã¬nh PhÃ¹ng,2026-05-06-00,abcxy51241743.99jhjhdks08072131530.0
1780000000000.0,-92,-7.0,21.59917474,105.8442807,T?nh Thái Nguyên,PhÆ°á» ng Phan Ä Ã¬nh PhÃ¹ng,2026-05-06-00,abcxy51241743.99jhjhdks08072131530.0
1780000000000.0,-94,-9.0,21.59917474,105.8442807,T?nh Thái Nguyên,PhÆ°á» ng Phan Ä Ã¬nh PhÃ¹ng,2026-05-06-00,abcxy51241743.99jhjhdks08072131530.0
1780000000000.0,-100,-8.5,21.59923911,105.8443666,T?nh Thái Nguyên,PhÆ°á» ng Phan Ä Ã¬nh PhÃ¹ng,2026-05-06-00,abcxy51241743.99jhjhdks08072131530.0
1780000000000.0,-87,-8.0,21.5987134,105.8435512,T?nh Thái Nguyên,PhÆ°á» ng Phan Ä Ã¬nh PhÃ¹ng,2026-05-06-00,abcxy51241743.99jhjhdks08072131530.0
1780000000000.0,-82,-8.0,21.59874558,105.8435082,T?nh Thái Nguyên,PhÆ°á» ng Phan Ä Ã¬nh PhÃ¹ng,2026-05-06-00,abcxy51241743.99jhjhdks08072131530.0
1780000000000.0,-90,-10.0,21.59856319,105.8425212,T?nh Thái Nguyên,PhÆ°á» ng Phan Ä Ã¬nh PhÃ¹ng,2026-05-06-00,abcxy51241743.99jhjhdks08072131530.0
1780000000000.0,-85,-6.5,21.59874558,105.8435082,T?nh Thái Nguyên,PhÆ°á» ng Phan Ä Ã¬nh PhÃ¹ng,2026-05-06-00,abcxy51241743.99jhjhdks08072131530.0
1780000000000.0,-89,-11.0,21.59857392,105.8427143,T?nh Thái Nguyên,PhÆ°á» ng Phan Ä Ã¬nh PhÃ¹ng,2026-05-06-00,abcxy51241743.99jhjhdks08072131530.0
1780000000000.0,-83,-7.5,21.5987134,105.8435082,T?nh Thái Nguyên,PhÆ°á» ng Phan Ä Ã¬nh PhÃ¹ng,2026-05-06-00,abcxy51241743.99jhjhdks08072131530.0
1780000000000.0,-83,-7.5,21.59873486,105.8434868,T?nh Thái Nguyên,PhÆ°á» ng Phan Ä Ã¬nh PhÃ¹ng,2026-05-06-00,abcxy51241743.99jhjhdks08072131530.0
1780000000000.0,-83,-5.0,21.59868121,105.8434653,T?nh Thái Nguyên,PhÆ°á» ng Phan Ä Ã¬nh PhÃ¹ng,2026-05-06-00,abcxy51241743.99jhjhdks08072131530.0
1780000000000.0,-78,-6.5,21.59880996,105.8441305,T?nh Thái Nguyên,PhÆ°á» ng Phan Ä Ã¬nh PhÃ¹ng,2026-05-06-00,abcxy51241743.99jhjhdks08072131530.0
1780000000000.0,-91,-10.0,21.59857392,105.8426285,T?nh Thái Nguyên,PhÆ°á» ng Phan Ä Ã¬nh PhÃ¹ng,2026-05-06-00,abcxy51241743.99jhjhdks08072131530.0
1780000000000.0,-77,-10.0,21.5987134,105.8440447,T?nh Thái Nguyên,PhÆ°á» ng Phan Ä Ã¬nh PhÃ¹ng,2026-05-06-00,abcxy51241743.99jhjhdks08072131530.0
1780000000000.0,-89,-6.5,21.59872413,105.8434868,T?nh Thái Nguyên,PhÆ°á» ng Phan Ä Ã¬nh PhÃ¹ng,2026-05-06-00,abcxy51241743.99jhjhdks08072131530.0
1780000000000.0,-85,-7.5,21.5987134,105.8435512,T?nh Thái Nguyên,PhÆ°á» ng Phan Ä Ã¬nh PhÃ¹ng,2026-05-06-00,abcxy51241743.99jhjhdks08072131530.0
1780000000000.0,-83,-7.5,21.59872413,105.8435297,T?nh Thái Nguyên,PhÆ°á» ng Phan Ä Ã¬nh PhÃ¹ng,2026-05-06-00,abcxy51241743.99jhjhdks08072131530.0
1780000000000.0,-83,-8.0,21.5987134,105.8435082,T?nh Thái Nguyên,PhÆ°á» ng Phan Ä Ã¬nh PhÃ¹ng,2026-05-06-00,abcxy51241743.99jhjhdks08072131530.0
1780000000000.0,-89,-11.0,21.5987134,105.8435082,T?nh Thái Nguyên,PhÆ°á» ng Phan Ä Ã¬nh PhÃ¹ng,2026-05-06-00,abcxy51241743.99jhjhdks08072131530.0
1780000000000.0,-88,-5.5,21.59867048,105.8435082,T?nh Thái Nguyên,PhÆ°á» ng Phan Ä Ã¬nh PhÃ¹ng,2026-05-06-00,abcxy51241743.99jhjhdks08072131530.0
1780000000000.0,-86,-5.0,21.5987134,105.8435297,T?nh Thái Nguyên,PhÆ°á» ng Phan Ä Ã¬nh PhÃ¹ng,2026-05-06-00,abcxy51241743.99jhjhdks08072131530.0
1780000000000.0,-91,-10.5,21.59856319,105.8425212,T?nh Thái Nguyên,PhÆ°á» ng Phan Ä Ã¬nh PhÃ¹ng,2026-05-06-00,abcxy51241743.99jhjhdks08072131530.0
1780000000000.0,-81,-7.0,21.59874558,105.8435082,T?nh Thái Nguyên,PhÆ°á» ng Phan Ä Ã¬nh PhÃ¹ng,2026-05-06-00,abcxy51241743.99jhjhdks08072131530.0
1780000000000.0,-80,-6.0,21.59874558,105.8435082,T?nh Thái Nguyên,PhÆ°á» ng Phan Ä Ã¬nh PhÃ¹ng,2026-05-06-00,abcxy51241743.99jhjhdks08072131530.0
1780000000000.0,-81,-9.5,21.5987134,105.8435297,T?nh Thái Nguyên,PhÆ°á» ng Phan Ä Ã¬nh PhÃ¹ng,2026-05-06-00,abcxy51241743.99jhjhdks08072131530.0
1780000000000.0,-81,-6.5,21.5987134,105.8435082,T?nh Thái Nguyên,PhÆ°á» ng Phan Ä Ã¬nh PhÃ¹ng,2026-05-06-00,abcxy51241743.99jhjhdks08072131530.0
1780000000000.0,-88,-8.0,21.59870267,105.8435082,T?nh Thái Nguyên,PhÆ°á» ng Phan Ä Ã¬nh PhÃ¹ng,2026-05-06-00,abcxy51241743.99jhjhdks08072131530.0
1780000000000.0,-83,-7.5,21.5987134,105.8434868,T?nh Thái Nguyên,PhÆ°á» ng Phan Ä Ã¬nh PhÃ¹ng,2026-05-06-00,abcxy51241743.99jhjhdks08072131530.0
1780000000000.0,-81,-7.5,21.5987134,105.8435082,T?nh Thái Nguyên,PhÆ°á» ng Phan Ä Ã¬nh PhÃ¹ng,2026-05-06-00,abcxy51241743.99jhjhdks08072131530.0
1780000000000.0,-89,-5.5,21.5986383,105.8435082,T?nh Thái Nguyên,PhÆ°á» ng Phan Ä Ã¬nh PhÃ¹ng,2026-05-06-00,abcxy51241743.99jhjhdks08072131530.0
1780000000000.0,-77,-10.5,21.59875631,105.8440876,T?nh Thái Nguyên,PhÆ°á» ng Phan Ä Ã¬nh PhÃ¹ng,2026-05-06-00,abcxy51241743.99jhjhdks08072131530.0
1780000000000.0,-75,-7.0,21.59870267,105.8433151,T?nh Thái Nguyên,PhÆ°á» ng Phan Ä Ã¬nh PhÃ¹ng,2026-05-06-00,abcxy51241743.99jhjhdks08072131530.0
1780000000000.0,-83,-7.0,21.5987134,105.8435082,T?nh Thái Nguyên,PhÆ°á» ng Phan Ä Ã¬nh PhÃ¹ng,2026-05-06-00,abcxy51241743.99jhjhdks08072131530.0
1780000000000.0,-78,-9.0,21.59864902,105.843401,T?nh Thái Nguyên,PhÆ°á» ng Phan Ä Ã¬nh PhÃ¹ng,2026-05-06-00,abcxy51241743.99jhjhdks08072131530.0
1780000000000.0,-91,-14.0,21.59820914,105.8423281,T?nh Thái Nguyên,PhÆ°á» ng Phan Ä Ã¬nh PhÃ¹ng,2026-05-06-00,abcxy51241743.99jhjhdks08072131530.0
1780000000000.0,-91,-10.0,21.5986383,105.8425426,T?nh Thái Nguyên,PhÆ°á» ng Phan Ä Ã¬nh PhÃ¹ng,2026-05-06-00,abcxy51241743.99jhjhdks08072131530.0
1780000000000.0,-84,-7.5,21.5987134,105.8435082,T?nh Thái Nguyên,PhÆ°á» ng Phan Ä Ã¬nh PhÃ¹ng,2026-05-06-00,abcxy51241743.99jhjhdks08072131530.0
1780000000000.0,-82,-6.0,21.5987134,105.8435082,T?nh Thái Nguyên,PhÆ°á» ng Phan Ä Ã¬nh PhÃ¹ng,2026-05-06-00,abcxy51241743.99jhjhdks08072131530.0
1780000000000.0,-89,-5.5,21.59869194,105.8434868,T?nh Thái Nguyên,PhÆ°á» ng Phan Ä Ã¬nh PhÃ¹ng,2026-05-06-00,abcxy51241743.99jhjhdks08072131530.0
1780000000000.0,-83,-9.0,21.59883142,105.8435082,T?nh Thái Nguyên,PhÆ°á» ng Phan Ä Ã¬nh PhÃ¹ng,2026-05-06-00,abcxy51241743.99jhjhdks08072131530.0
1780000000000.0,-87,-7.0,21.59872413,105.8434868,T?nh Thái Nguyên,PhÆ°á» ng Phan Ä Ã¬nh PhÃ¹ng,2026-05-06-00,abcxy51241743.99jhjhdks08072131530.0
1780000000000.0,-79,-10.0,21.59723282,105.8410192,T?nh Thái Nguyên,PhÆ°á» ng Phan Ä Ã¬nh PhÃ¹ng,2026-05-06-00,abcxy51241744.96jhjhdks08072131530.0
1780000000000.0,-82,-5.5,21.59723282,105.8410192,T?nh Thái Nguyên,PhÆ°á» ng Phan Ä Ã¬nh PhÃ¹ng,2026-05-06-00,abcxy51241744.96jhjhdks08072131530.0
1780000000000.0,-85,-6.0,21.59723282,105.8410621,T?nh Thái Nguyên,PhÆ°á» ng Phan Ä Ã¬nh PhÃ¹ng,2026-05-06-00,abcxy51241744.96jhjhdks08072131530.0
1780000000000.0,-77,-10.0,21.59734011,105.8412123,T?nh Thái Nguyên,PhÆ°á» ng Phan Ä Ã¬nh PhÃ¹ng,2026-05-06-00,abcxy51241744.96jhjhdks08072131530.0
1780000000000.0,-84,-11.5,21.59806967,105.8421779,T?nh Thái Nguyên,PhÆ°á» ng Phan Ä Ã¬nh PhÃ¹ng,2026-05-06-00,abcxy51241744.96jhjhdks08072131530.0
1780000000000.0,-75,-7.5,21.59796238,105.8425641,T?nh Thái Nguyên,PhÆ°á» ng Phan Ä Ã¬nh PhÃ¹ng,2026-05-06-00,abcxy51241744.96jhjhdks08072131530.0
1780000000000.0,-80,-8.0,21.59723282,105.8410621,T?nh Thái Nguyên,PhÆ°á» ng Phan Ä Ã¬nh PhÃ¹ng,2026-05-06-00,abcxy51241744.96jhjhdks08072131530.0
1780000000000.0,-81,-8.5,21.59723282,105.8410192,T?nh Thái Nguyên,PhÆ°á» ng Phan Ä Ã¬nh PhÃ¹ng,2026-05-06-00,abcxy51241744.96jhjhdks08072131530.0
1780000000000.0,-88,-8.0,21.59810185,105.8420491,T?nh Thái Nguyên,PhÆ°á» ng Phan Ä Ã¬nh PhÃ¹ng,2026-05-06-00,abcxy51241744.96jhjhdks08072131530.0
1780000000000.0,-81,-8.0,21.59755468,105.8416843,T?nh Thái Nguyên,PhÆ°á» ng Phan Ä Ã¬nh PhÃ¹ng,2026-05-06-00,abcxy51241744.96jhjhdks08072131530.0
1780000000000.0,-79,-11.5,21.59742594,105.8413839,T?nh Thái Nguyên,PhÆ°á» ng Phan Ä Ã¬nh PhÃ¹ng,2026-05-06-00,abcxy51241744.96jhjhdks08072131530.0
1780000000000.0,-79,-6.0,21.59723282,105.8410621,T?nh Thái Nguyên,PhÆ°á» ng Phan Ä Ã¬nh PhÃ¹ng,2026-05-06-00,abcxy51241744.96jhjhdks08072131530.0
1780000000000.0,-84,-10.0,21.59727573,105.8411264,T?nh Thái Nguyên,PhÆ°á» ng Phan Ä Ã¬nh PhÃ¹ng,2026-05-06-00,abcxy51241744.96jhjhdks08072131530.0
1780000000000.0,-83,-7.5,21.59723282,105.8410192,T?nh Thái Nguyên,PhÆ°á» ng Phan Ä Ã¬nh PhÃ¹ng,2026-05-06-00,abcxy51241744.96jhjhdks08072131530.0
1780000000000.0,-75,-10.0,21.59803748,105.8423066,T?nh Thái Nguyên,PhÆ°á» ng Phan Ä Ã¬nh PhÃ¹ng,2026-05-06-00,abcxy51241744.96jhjhdks08072131530.0
1780000000000.0,-86,-9.0,21.59658909,105.8399463,T?nh Thái Nguyên,PhÆ°á» ng Phan Ä Ã¬nh PhÃ¹ng,2026-05-06-00,abcxy51241744.96jhjhdks08072131530.0
1780000000000.0,-75,-6.5,21.59738302,105.8412766,T?nh Thái Nguyên,PhÆ°á» ng Phan Ä Ã¬nh PhÃ¹ng,2026-05-06-00,abcxy51241744.96jhjhdks08072131530.0
1780000000000.0,-80,-8.0,21.59679294,105.8403969,T?nh Thái Nguyên,PhÆ°á» ng Phan Ä Ã¬nh PhÃ¹ng,2026-05-06-00,abcxy51241744.96jhjhdks08072131530.0
1780000000000.0,-82,-5.0,21.59810185,105.8420491,T?nh Thái Nguyên,PhÆ°á» ng Phan Ä Ã¬nh PhÃ¹ng,2026-05-06-00,abcxy51241744.96jhjhdks08072131530.0
1780000000000.0,-98,-10.5,21.59741521,105.8411479,T?nh Thái Nguyên,PhÆ°á» ng Phan Ä Ã¬nh PhÃ¹ng,2026-05-06-00,abcxy51241744.96jhjhdks08072131530.0
1780000000000.0,-79,-6.0,21.59723282,105.8410621,T?nh Thái Nguyên,PhÆ°á» ng Phan Ä Ã¬nh PhÃ¹ng,2026-05-06-00,abcxy51241744.96jhjhdks08072131530.0
1780000000000.0,-91,-6.5,21.5965569,105.839839,T?nh Thái Nguyên,PhÆ°á» ng Phan Ä Ã¬nh PhÃ¹ng,2026-05-06-00,abcxy51241744.96jhjhdks08072131530.0
1780000000000.0,-82,-8.5,21.59723282,105.8410192,T?nh Thái Nguyên,PhÆ°á» ng Phan Ä Ã¬nh PhÃ¹ng,2026-05-06-00,abcxy51241744.96jhjhdks08072131530.0
1780000000000.0,-79,-10.5,21.59722209,105.8410621,T?nh Thái Nguyên,PhÆ°á» ng Phan Ä Ã¬nh PhÃ¹ng,2026-05-06-00,abcxy51241744.96jhjhdks08072131530.0
1780000000000.0,-77,-5.0,21.59769416,105.8418345,T?nh Thái Nguyên,PhÆ°á» ng Phan Ä Ã¬nh PhÃ¹ng,2026-05-06-00,abcxy51241744.96jhjhdks08072131530.0
1780000000000.0,-84,-5.5,21.59743667,105.8415556,T?nh Thái Nguyên,PhÆ°á» ng Phan Ä Ã¬nh PhÃ¹ng,2026-05-06-00,abcxy51241744.96jhjhdks08072131530.0
1780000000000.0,-83,-5.5,21.59723282,105.8410621,T?nh Thái Nguyên,PhÆ°á» ng Phan Ä Ã¬nh PhÃ¹ng,2026-05-06-00,abcxy51241744.96jhjhdks08072131530.0
1780000000000.0,-77,-7.5,21.59714699,105.8409333,T?nh Thái Nguyên,PhÆ°á» ng Phan Ä Ã¬nh PhÃ¹ng,2026-05-06-00,abcxy51241744.96jhjhdks08072131530.0
1780000000000.0,-80,-8.0,21.59723282,105.8410621,T?nh Thái Nguyên,PhÆ°á» ng Phan Ä Ã¬nh PhÃ¹ng,2026-05-06-00,abcxy51241744.96jhjhdks08072131530.0
1780000000000.0,-82,-8.0,21.59723282,105.8410192,T?nh Thái Nguyên,PhÆ°á» ng Phan Ä Ã¬nh PhÃ¹ng,2026-05-06-00,abcxy51241744.96jhjhdks08072131530.0
1780000000000.0,-79,-8.0,21.59723282,105.8410621,T?nh Thái Nguyên,PhÆ°á» ng Phan Ä Ã¬nh PhÃ¹ng,2026-05-06-00,abcxy51241744.96jhjhdks08072131530.0
1780000000000.0,-80,-9.5,21.59723282,105.8410621,T?nh Thái Nguyên,PhÆ°á» ng Phan Ä Ã¬nh PhÃ¹ng,2026-05-06-00,abcxy51241744.96jhjhdks08072131530.0
1780000000000.0,-81,-7.0,21.59723282,105.8410192,T?nh Thái Nguyên,PhÆ°á» ng Phan Ä Ã¬nh PhÃ¹ng,2026-05-06-00,abcxy51241744.96jhjhdks08072131530.0
1780000000000.0,-80,-8.0,21.59723282,105.8410621,T?nh Thái Nguyên,PhÆ°á» ng Phan Ä Ã¬nh PhÃ¹ng,2026-05-06-00,abcxy51241744.96jhjhdks08072131530.0
1780000000000.0,-84,-5.5,21.59743667,105.8415556,T?nh Thái Nguyên,PhÆ°á» ng Phan Ä Ã¬nh PhÃ¹ng,2026-05-06-00,abcxy51241744.96jhjhdks08072131530.0
1780000000000.0,-78,-9.5,21.59773707,105.8418775,T?nh Thái Nguyên,PhÆ°á» ng Phan Ä Ã¬nh PhÃ¹ng,2026-05-06-00,abcxy51241744.96jhjhdks08072131530.0
1780000000000.0,-90,-6.5,21.59658909,105.8399463,T?nh Thái Nguyên,PhÆ°á» ng Phan Ä Ã¬nh PhÃ¹ng,2026-05-06-00,abcxy51241744.96jhjhdks08072131530.0
1780000000000.0,-84,-9.5,21.59697533,105.8407187,T?nh Thái Nguyên,PhÆ°á» ng Phan Ä Ã¬nh PhÃ¹ng,2026-05-06-00,abcxy51241744.96jhjhdks08072131530.0
1780000000000.0,-86,-7.5,21.59741521,105.8411479,T?nh Thái Nguyên,PhÆ°á» ng Phan Ä Ã¬nh PhÃ¹ng,2026-05-06-00,abcxy51241744.96jhjhdks08072131530.0
1780000000000.0,-77,-7.0,21.59682512,105.8404613,T?nh Thái Nguyên,PhÆ°á» ng Phan Ä Ã¬nh PhÃ¹ng,2026-05-06-00,abcxy51241744.96jhjhdks08072131530.0
1780000000000.0,-75,-9.0,21.5980804,105.8421135,T?nh Thái Nguyên,PhÆ°á» ng Phan Ä Ã¬nh PhÃ¹ng,2026-05-06-00,abcxy51241744.96jhjhdks08072131530.0
1780000000000.0,-82,-8.0,21.59705043,105.840826,T?nh Thái Nguyên,PhÆ°á» ng Phan Ä Ã¬nh PhÃ¹ng,2026-05-06-00,abcxy51241744.96jhjhdks08072131530.0
1780000000000.0,-81,-7.0,21.59680367,105.8405256,T?nh Thái Nguyên,PhÆ°á» ng Phan Ä Ã¬nh PhÃ¹ng,2026-05-06-00,abcxy51241744.96jhjhdks08072131530.0
1780000000000.0,-81,-10.5,21.5974474,105.8415556,T?nh Thái Nguyên,PhÆ°á» ng Phan Ä Ã¬nh PhÃ¹ng,2026-05-06-00,abcxy51241744.96jhjhdks08072131530.0
1780000000000.0,-79,-11.5,21.59723282,105.8410621,T?nh Thái Nguyên,PhÆ°á» ng Phan Ä Ã¬nh PhÃ¹ng,2026-05-06-00,abcxy51241744.96jhjhdks08072131530.0
1780000000000.0,-79,-8.0,21.59755468,105.8416843,T?nh Thái Nguyên,PhÆ°á» ng Phan Ä Ã¬nh PhÃ¹ng,2026-05-06-00,abcxy51241744.96jhjhdks08072131530.0
1780000000000.0,-82,-8.5,21.59743667,105.8415556,T?nh Thái Nguyên,PhÆ°á» ng Phan Ä Ã¬nh PhÃ¹ng,2026-05-06-00,abcxy51241744.96jhjhdks08072131530.0
1780000000000.0,-81,-7.0,21.59673929,105.8403111,T?nh Thái Nguyên,PhÆ°á» ng Phan Ä Ã¬nh PhÃ¹ng,2026-05-06-00,abcxy51241744.96jhjhdks08072131530.0
1780000000000.0,-86,-9.5,21.59796238,105.8425641,T?nh Thái Nguyên,PhÆ°á» ng Phan Ä Ã¬nh PhÃ¹ng,2026-05-06-00,abcxy51241744.96jhjhdks08072131530.0
1780000000000.0,-79,-5.5,21.59746885,105.8414912,T?nh Thái Nguyên,PhÆ°á» ng Phan Ä Ã¬nh PhÃ¹ng,2026-05-06-00,abcxy51241744.96jhjhdks08072131530.0
1780000000000.0,-88,-8.0,21.5980804,105.8421135,T?nh Thái Nguyên,PhÆ°á» ng Phan Ä Ã¬nh PhÃ¹ng,2026-05-06-00,abcxy51241744.96jhjhdks08072131530.0
1780000000000.0,-79,-4.5,21.59751177,105.8415985,T?nh Thái Nguyên,PhÆ°á» ng Phan Ä Ã¬nh PhÃ¹ng,2026-05-06-00,abcxy51241744.96jhjhdks08072131530.0
1780000000000.0,-76,-9.5,21.59811258,105.8427572,T?nh Thái Nguyên,PhÆ°á» ng Phan Ä Ã¬nh PhÃ¹ng,2026-05-06-00,abcxy51241744.96jhjhdks08072131530.0
1780000000000.0,-76,-9.0,21.59743667,105.8415556,T?nh Thái Nguyên,PhÆ°á» ng Phan Ä Ã¬nh PhÃ¹ng,2026-05-06-00,abcxy51241744.96jhjhdks08072131530.0
1780000000000.0,-88,-6.5,21.59809113,105.8409333,T?nh Thái Nguyên,PhÆ°á» ng Phan Ä Ã¬nh PhÃ¹ng,2026-05-06-00,abcxy51241745.94jhjhdks08072131540.0
1780000000000.0,-79,-8.5,21.59771562,105.8408475,T?nh Thái Nguyên,PhÆ°á» ng Phan Ä Ã¬nh PhÃ¹ng,2026-05-06-00,abcxy51241745.94jhjhdks08072131540.0
1780000000000.0,-91,-14.0,21.5982306,105.8429074,T?nh Thái Nguyên,PhÆ°á» ng Phan Ä Ã¬nh PhÃ¹ng,2026-05-06-00,abcxy51241745.94jhjhdks08072131540.0
1780000000000.0,-80,-6.0,21.59773707,105.840826,T?nh Thái Nguyên,PhÆ°á» ng Phan Ä Ã¬nh PhÃ¹ng,2026-05-06-00,abcxy51241745.94jhjhdks08072131540.0
1780000000000.0,-87,-7.0,21.59761906,105.8408689,T?nh Thái Nguyên,PhÆ°á» ng Phan Ä Ã¬nh PhÃ¹ng,2026-05-06-00,abcxy51241745.94jhjhdks08072131540.0
1780000000000.0,-91,-8.0,21.59897089,105.8412981,T?nh Thái Nguyên,PhÆ°á» ng Phan Ä Ã¬nh PhÃ¹ng,2026-05-06-00,abcxy51241745.94jhjhdks08072131540.0
1780000000000.0,-89,-6.0,21.59794092,105.8410835,T?nh Thái Nguyên,PhÆ°á» ng Phan Ä Ã¬nh PhÃ¹ng,2026-05-06-00,abcxy51241745.94jhjhdks08072131540.0
1780000000000.0,-80,-8.0,21.59809113,105.8409333,T?nh Thái Nguyên,PhÆ°á» ng Phan Ä Ã¬nh PhÃ¹ng,2026-05-06-00,abcxy51241745.94jhjhdks08072131540.0
1780000000000.0,-89,-5.5,21.59793019,105.8410835,T?nh Thái Nguyên,PhÆ°á» ng Phan Ä Ã¬nh PhÃ¹ng,2026-05-06-00,abcxy51241745.94jhjhdks08072131540.0
1780000000000.0,-89,-6.5,21.5982306,105.8410835,T?nh Thái Nguyên,PhÆ°á» ng Phan Ä Ã¬nh PhÃ¹ng,2026-05-06-00,abcxy51241745.94jhjhdks08072131540.0
1780000000000.0,-76,-9.5,21.59772635,105.8408475,T?nh Thái Nguyên,PhÆ°á» ng Phan Ä Ã¬nh PhÃ¹ng,2026-05-06-00,abcxy51241745.94jhjhdks08072131540.0
1780000000000.0,-89,-4.0,21.59773707,105.8407831,T?nh Thái Nguyên,PhÆ°á» ng Phan Ä Ã¬nh PhÃ¹ng,2026-05-06-00,abcxy51241745.94jhjhdks08072131540.0
1780000000000.0,-81,-7.0,21.59769416,105.8408475,T?nh Thái Nguyên,PhÆ°á» ng Phan Ä Ã¬nh PhÃ¹ng,2026-05-06-00,abcxy51241745.94jhjhdks08072131540.0
1780000000000.0,-85,-6.0,21.59766197,105.8409762,T?nh Thái Nguyên,PhÆ°á» ng Phan Ä Ã¬nh PhÃ¹ng,2026-05-06-00,abcxy51241745.94jhjhdks08072131540.0
1780000000000.0,-79,-8.0,21.59809113,105.8409333,T?nh Thái Nguyên,PhÆ°á» ng Phan Ä Ã¬nh PhÃ¹ng,2026-05-06-00,abcxy51241745.94jhjhdks08072131540.0
1780000000000.0,-81,-6.5,21.59772635,105.8408475,T?nh Thái Nguyên,PhÆ°á» ng Phan Ä Ã¬nh PhÃ¹ng,2026-05-06-00,abcxy51241745.94jhjhdks08072131540.0
1780000000000.0,-88,-4.0,21.59773707,105.8407831,T?nh Thái Nguyên,PhÆ°á» ng Phan Ä Ã¬nh PhÃ¹ng,2026-05-06-00,abcxy51241745.94jhjhdks08072131540.0
1780000000000.0,-76,-7.5,21.5981555,105.8409762,T?nh Thái Nguyên,PhÆ°á» ng Phan Ä Ã¬nh PhÃ¹ng,2026-05-06-00,abcxy51241745.94jhjhdks08072131540.0
1780000000000.0,-89,-6.5,21.59773707,105.8407831,T?nh Thái Nguyên,PhÆ°á» ng Phan Ä Ã¬nh PhÃ¹ng,2026-05-06-00,abcxy51241745.94jhjhdks08072131540.0
1780000000000.0,-89,-6.0,21.59793019,105.8410835,T?nh Thái Nguyên,PhÆ°á» ng Phan Ä Ã¬nh PhÃ¹ng,2026-05-06-00,abcxy51241745.94jhjhdks08072131540.0
1780000000000.0,-75,-7.0,21.59770489,105.8407617,T?nh Thái Nguyên,PhÆ°á» ng Phan Ä Ã¬nh PhÃ¹ng,2026-05-06-00,abcxy51241745.94jhjhdks08072131540.0
1780000000000.0,-85,-8.5,21.59769416,105.8408475,T?nh Thái Nguyên,PhÆ°á» ng Phan Ä Ã¬nh PhÃ¹ng,2026-05-06-00,abcxy51241745.94jhjhdks08072131540.0
1780000000000.0,-89,-4.5,21.59773707,105.8407831,T?nh Thái Nguyên,PhÆ°á» ng Phan Ä Ã¬nh PhÃ¹ng,2026-05-06-00,abcxy51241745.94jhjhdks08072131540.0
1780000000000.0,-88,-7.0,21.59810185,105.8409548,T?nh Thái Nguyên,PhÆ°á» ng Phan Ä Ã¬nh PhÃ¹ng,2026-05-06-00,abcxy51241745.94jhjhdks08072131540.0
1780000000000.0,-89,-6.0,21.59793019,105.8410835,T?nh Thái Nguyên,PhÆ°á» ng Phan Ä Ã¬nh PhÃ¹ng,2026-05-06-00,abcxy51241745.94jhjhdks08072131540.0
1780000000000.0,-87,-7.0,21.5975976,105.8408689,T?nh Thái Nguyên,PhÆ°á» ng Phan Ä Ã¬nh PhÃ¹ng,2026-05-06-00,abcxy51241745.94jhjhdks08072131540.0
1780000000000.0,-80,-4.5,21.59770489,105.8407617,T?nh Thái Nguyên,PhÆ°á» ng Phan Ä Ã¬nh PhÃ¹ng,2026-05-06-00,abcxy51241745.94jhjhdks08072131540.0
1780000000000.0,-76,-9.0,21.59770489,105.8407617,T?nh Thái Nguyên,PhÆ°á» ng Phan Ä Ã¬nh PhÃ¹ng,2026-05-06-00,abcxy51241745.94jhjhdks08072131540.0
1780000000000.0,-81,-7.5,21.59766197,105.8409762,T?nh Thái Nguyên,PhÆ°á» ng Phan Ä Ã¬nh PhÃ¹ng,2026-05-06-00,abcxy51241745.94jhjhdks08072131540.0
1780000000000.0,-89,-7.0,21.59779072,105.8408904,T?nh Thái Nguyên,PhÆ°á» ng Phan Ä Ã¬nh PhÃ¹ng,2026-05-06-00,abcxy51241745.94jhjhdks08072131540.0
1780000000000.0,-87,-8.0,21.59764051,105.8408475,T?nh Thái Nguyên,PhÆ°á» ng Phan Ä Ã¬nh PhÃ¹ng,2026-05-06-00,abcxy51241745.94jhjhdks08072131540.0
1780000000000.0,-91,-12.0,21.59853101,105.8426499,T?nh Thái Nguyên,PhÆ°á» ng Phan Ä Ã¬nh PhÃ¹ng,2026-05-06-00,abcxy51241745.94jhjhdks08072131540.0
1780000000000.0,-92,-17.5,21.59859538,105.8424783,T?nh Thái Nguyên,PhÆ°á» ng Phan Ä Ã¬nh PhÃ¹ng,2026-05-06-00,abcxy51241745.94jhjhdks08072131540.0
1780000000000.0,-83,-7.5,21.59809113,105.8409333,T?nh Thái Nguyên,PhÆ°á» ng Phan Ä Ã¬nh PhÃ¹ng,2026-05-06-00,abcxy51241745.94jhjhdks08072131540.0
1780000000000.0,-85,-7.0,21.59809113,105.8409333,T?nh Thái Nguyên,PhÆ°á» ng Phan Ä Ã¬nh PhÃ¹ng,2026-05-06-00,abcxy51241745.94jhjhdks08072131540.0
1780000000000.0,-79,-9.0,21.59770489,105.8407617,T?nh Thái Nguyên,PhÆ°á» ng Phan Ä Ã¬nh PhÃ¹ng,2026-05-06-00,abcxy51241745.94jhjhdks08072131540.0
1780000000000.0,-89,-5.0,21.59779072,105.8408904,T?nh Thái Nguyên,PhÆ°á» ng Phan Ä Ã¬nh PhÃ¹ng,2026-05-06-00,abcxy51241745.94jhjhdks08072131540.0
1780000000000.0,-87,-8.0,21.59855247,105.8411479,T?nh Thái Nguyên,PhÆ°á» ng Phan Ä Ã¬nh PhÃ¹ng,2026-05-06-00,abcxy51241745.94jhjhdks08072131540.0
1780000000000.0,-82,-8.0,21.59814477,105.8409762,T?nh Thái Nguyên,PhÆ°á» ng Phan Ä Ã¬nh PhÃ¹ng,2026-05-06-00,abcxy51241745.94jhjhdks08072131540.0
1780000000000.0,-88,-8.5,21.59773707,105.8407831,T?nh Thái Nguyên,PhÆ°á» ng Phan Ä Ã¬nh PhÃ¹ng,2026-05-06-00,abcxy51241745.94jhjhdks08072131540.0
1780000000000.0,-87,-7.0,21.59811258,105.8409548,T?nh Thái Nguyên,PhÆ°á» ng Phan Ä Ã¬nh PhÃ¹ng,2026-05-06-00,abcxy51241745.94jhjhdks08072131540.0
1780000000000.0,-88,-6.0,21.59775853,105.8408046,T?nh Thái Nguyên,PhÆ°á» ng Phan Ä Ã¬nh PhÃ¹ng,2026-05-06-00,abcxy51241745.94jhjhdks08072131540.0
1780000000000.0,-86,-6.0,21.5975976,105.8414054,T?nh Thái Nguyên,PhÆ°á» ng Phan Ä Ã¬nh PhÃ¹ng,2026-05-06-00,abcxy51241745.94jhjhdks08072131540.0
1780000000000.0,-99,-11.0,21.59635305,105.8406329,T?nh Thái Nguyên,PhÆ°á» ng Phan Ä Ã¬nh PhÃ¹ng,2026-05-06-00,abcxy51241745.94jhjhdks08072131540.0
1780000000000.0,-74,-9.0,21.59769416,105.8408475,T?nh Thái Nguyên,PhÆ°á» ng Phan Ä Ã¬nh PhÃ¹ng,2026-05-06-00,abcxy51241745.94jhjhdks08072131540.0
1780000000000.0,-82,-4.0,21.59766197,105.8409762,T?nh Thái Nguyên,PhÆ°á» ng Phan Ä Ã¬nh PhÃ¹ng,2026-05-06-00,abcxy51241745.94jhjhdks08072131540.0
1780000000000.0,-89,-5.5,21.59793019,105.8410835,T?nh Thái Nguyên,PhÆ°á» ng Phan Ä Ã¬nh PhÃ¹ng,2026-05-06-00,abcxy51241745.94jhjhdks08072131540.0
1780000000000.0,-79,-7.0,21.59758687,105.8408904,T?nh Thái Nguyên,PhÆ°á» ng Phan Ä Ã¬nh PhÃ¹ng,2026-05-06-00,abcxy51241745.94jhjhdks08072131540.0
1780000000000.0,-76,-5.5,21.5976727,105.8407617,T?nh Thái Nguyên,PhÆ°á» ng Phan Ä Ã¬nh PhÃ¹ng,2026-05-06-00,abcxy51241745.94jhjhdks08072131540.0
1780000000000.0,-86,-6.5,21.59814477,105.8409762,T?nh Thái Nguyên,PhÆ°á» ng Phan Ä Ã¬nh PhÃ¹ng,2026-05-06-00,abcxy51241745.94jhjhdks08072131540.0
1780000000000.0,-74,-6.0,21.5981555,105.8409762,T?nh Thái Nguyên,PhÆ°á» ng Phan Ä Ã¬nh PhÃ¹ng,2026-05-06-00,abcxy51241745.94jhjhdks08072131540.0
1780000000000.0,-79,-7.0,21.59784436,105.840826,T?nh Thái Nguyên,PhÆ°á» ng Phan Ä Ã¬nh PhÃ¹ng,2026-05-06-00,abcxy51241745.94jhjhdks08072131540.0
1780000000000.0,-77,-7.5,21.5976727,105.8407617,T?nh Thái Nguyên,PhÆ°á» ng Phan Ä Ã¬nh PhÃ¹ng,2026-05-06-00,abcxy51241745.94jhjhdks08072131540.0
1780000000000.0,-72,-6.5,21.59814477,105.8409977,T?nh Thái Nguyên,PhÆ°á» ng Phan Ä Ã¬nh PhÃ¹ng,2026-05-06-00,abcxy51241745.94jhjhdks08072131540.0
1780000000000.0,-80,-8.5,21.59784436,105.840826,T?nh Thái Nguyên,PhÆ°á» ng Phan Ä Ã¬nh PhÃ¹ng,2026-05-06-00,abcxy51241745.94jhjhdks08072131540.0
1780000000000.0,-89,-7.0,21.59779072,105.8408904,T?nh Thái Nguyên,PhÆ°á» ng Phan Ä Ã¬nh PhÃ¹ng,2026-05-06-00,abcxy51241745.94jhjhdks08072131540.0
1780000000000.0,-89,-3.5,21.59779072,105.8408904,T?nh Thái Nguyên,PhÆ°á» ng Phan Ä Ã¬nh PhÃ¹ng,2026-05-06-00,abcxy51241745.94jhjhdks08072131540.0
1780000000000.0,-76,-8.0,21.59772635,105.8408475,T?nh Thái Nguyên,PhÆ°á» ng Phan Ä Ã¬nh PhÃ¹ng,2026-05-06-00,abcxy51241745.94jhjhdks08072131540.0
1780000000000.0,-91,-5.5,21.5977478,105.84059,T?nh Thái Nguyên,PhÆ°á» ng Phan Ä Ã¬nh PhÃ¹ng,2026-05-06-00,abcxy51241745.94jhjhdks08072131540.0
1780000000000.0,-75,-8.5,21.59761906,105.8410192,T?nh Thái Nguyên,PhÆ°á» ng Phan Ä Ã¬nh PhÃ¹ng,2026-05-06-00,abcxy51241745.94jhjhdks08072131540.0
1780000000000.0,-82,-4.0,21.59766197,105.8409762,T?nh Thái Nguyên,PhÆ°á» ng Phan Ä Ã¬nh PhÃ¹ng,2026-05-06-00,abcxy51241745.94jhjhdks08072131540.0
1780000000000.0,-83,-4.0,21.59761906,105.8410192,T?nh Thái Nguyên,PhÆ°á» ng Phan Ä Ã¬nh PhÃ¹ng,2026-05-06-00,abcxy51241745.94jhjhdks08072131540.0
1780000000000.0,-80,-8.5,21.59772635,105.8408475,T?nh Thái Nguyên,PhÆ°á» ng Phan Ä Ã¬nh PhÃ¹ng,2026-05-06-00,abcxy51241745.94jhjhdks08072131540.0
1780000000000.0,-90,-6.5,21.59793019,105.8410835,T?nh Thái Nguyên,PhÆ°á» ng Phan Ä Ã¬nh PhÃ¹ng,2026-05-06-00,abcxy51241745.94jhjhdks08072131540.0
1780000000000.0,-89,-5.0,21.59773707,105.8407831,T?nh Thái Nguyên,PhÆ°á» ng Phan Ä Ã¬nh PhÃ¹ng,2026-05-06-00,abcxy51241745.94jhjhdks08072131540.0
1780000000000.0,-85,-4.5,21.59809113,105.8409333,T?nh Thái Nguyên,PhÆ°á» ng Phan Ä Ã¬nh PhÃ¹ng,2026-05-06-00,abcxy51241745.94jhjhdks08072131540.0
1780000000000.0,-75,-9.0,21.59772635,105.8408475,T?nh Thái Nguyên,PhÆ°á» ng Phan Ä Ã¬nh PhÃ¹ng,2026-05-06-00,abcxy51241745.94jhjhdks08072131540.0
1780000000000.0,-90,-3.5,21.59780145,105.8408904,T?nh Thái Nguyên,PhÆ°á» ng Phan Ä Ã¬nh PhÃ¹ng,2026-05-06-00,abcxy51241745.94jhjhdks08072131540.0
1780000000000.0,-81,-7.0,21.59773707,105.840826,T?nh Thái Nguyên,PhÆ°á» ng Phan Ä Ã¬nh PhÃ¹ng,2026-05-06-00,abcxy51241745.94jhjhdks08072131540.0
1780000000000.0,-81,-7.0,21.59756541,105.8409119,T?nh Thái Nguyên,PhÆ°á» ng Phan Ä Ã¬nh PhÃ¹ng,2026-05-06-00,abcxy51241745.94jhjhdks08072131540.0
1780000000000.0,-86,-6.5,21.5981555,105.8409762,T?nh Thái Nguyên,PhÆ°á» ng Phan Ä Ã¬nh PhÃ¹ng,2026-05-06-00,abcxy51241745.94jhjhdks08072131540.0
1780000000000.0,-89,-6.5,21.59793019,105.8410835,T?nh Thái Nguyên,PhÆ°á» ng Phan Ä Ã¬nh PhÃ¹ng,2026-05-06-00,abcxy51241745.94jhjhdks08072131540.0
1780000000000.0,-80,-6.5,21.59769416,105.8408475,T?nh Thái Nguyên,PhÆ°á» ng Phan Ä Ã¬nh PhÃ¹ng,2026-05-06-00,abcxy51241745.94jhjhdks08072131540.0
1780000000000.0,-86,-10.5,21.59769416,105.8408475,T?nh Thái Nguyên,PhÆ°á» ng Phan Ä Ã¬nh PhÃ¹ng,2026-05-06-00,abcxy51241745.94jhjhdks08072131540.0
1780000000000.0,-89,-6.5,21.59793019,105.8410835,T?nh Thái Nguyên,PhÆ°á» ng Phan Ä Ã¬nh PhÃ¹ng,2026-05-06-00,abcxy51241745.94jhjhdks08072131540.0
1780000000000.0,-78,-3.0,21.59769416,105.8408475,T?nh Thái Nguyên,PhÆ°á» ng Phan Ä Ã¬nh PhÃ¹ng,2026-05-06-00,abcxy51241745.94jhjhdks08072131540.0
1780000000000.0,-75,-8.0,21.59772635,105.8408475,T?nh Thái Nguyên,PhÆ°á» ng Phan Ä Ã¬nh PhÃ¹ng,2026-05-06-00,abcxy51241745.94jhjhdks08072131540.0
1780000000000.0,-79,-5.0,21.59761906,105.8410192,T?nh Thái Nguyên,PhÆ°á» ng Phan Ä Ã¬nh PhÃ¹ng,2026-05-06-00,abcxy51241745.94jhjhdks08072131540.0
1780000000000.0,-89,-3.5,21.59793019,105.8410835,T?nh Thái Nguyên,PhÆ°á» ng Phan Ä Ã¬nh PhÃ¹ng,2026-05-06-00,abcxy51241745.94jhjhdks08072131540.0
1780000000000.0,-94,-9.5,21.59683585,105.8402681,T?nh Thái Nguyên,PhÆ°á» ng Phan Ä Ã¬nh PhÃ¹ng,2026-05-06-00,abcxy51241745.94jhjhdks08072131540.0
1780000000000.0,-82,-8.0,21.59769416,105.8408475,T?nh Thái Nguyên,PhÆ°á» ng Phan Ä Ã¬nh PhÃ¹ng,2026-05-06-00,abcxy51241745.94jhjhdks08072131540.0
1780000000000.0,-89,-6.5,21.59773707,105.8407831,T?nh Thái Nguyên,PhÆ°á» ng Phan Ä Ã¬nh PhÃ¹ng,2026-05-06-00,abcxy51241745.94jhjhdks08072131540.0
1780000000000.0,-87,-7.5,21.5970397,105.8401823,T?nh Thái Nguyên,PhÆ°á» ng Phan Ä Ã¬nh PhÃ¹ng,2026-05-06-00,abcxy51241745.94jhjhdks08072131540.0
1780000000000.0,-78,-7.5,21.59770489,105.8407617,T?nh Thái Nguyên,PhÆ°á» ng Phan Ä Ã¬nh PhÃ¹ng,2026-05-06-00,abcxy51241745.94jhjhdks08072131540.0
1780000000000.0,-88,-8.0,21.59809113,105.8409333,T?nh Thái Nguyên,PhÆ°á» ng Phan Ä Ã¬nh PhÃ¹ng,2026-05-06-00,abcxy51241745.94jhjhdks08072131540.0
1780000000000.0,-89,-6.0,21.59790874,105.8410621,T?nh Thái Nguyên,PhÆ°á» ng Phan Ä Ã¬nh PhÃ¹ng,2026-05-06-00,abcxy51241745.94jhjhdks08072131540.0
1780000000000.0,-75,-7.0,21.59769416,105.8408475,T?nh Thái Nguyên,PhÆ°á» ng Phan Ä Ã¬nh PhÃ¹ng,2026-05-06-00,abcxy51241745.94jhjhdks08072131540.0
1780000000000.0,-90,-4.0,21.59779072,105.8408904,T?nh Thái Nguyên,PhÆ°á» ng Phan Ä Ã¬nh PhÃ¹ng,2026-05-06-00,abcxy51241745.94jhjhdks08072131540.0
1780000000000.0,-77,-6.5,21.59773707,105.840826,T?nh Thái Nguyên,PhÆ°á» ng Phan Ä Ã¬nh PhÃ¹ng,2026-05-06-00,abcxy51241745.94jhjhdks08072131540.0
1780000000000.0,-90,-6.5,21.59779072,105.8408904,T?nh Thái Nguyên,PhÆ°á» ng Phan Ä Ã¬nh PhÃ¹ng,2026-05-06-00,abcxy51241745.94jhjhdks08072131540.0
1780000000000.0,-75,-7.0,21.5977478,105.8408904,T?nh Thái Nguyên,PhÆ°á» ng Phan Ä Ã¬nh PhÃ¹ng,2026-05-06-00,abcxy51241745.94jhjhdks08072131540.0
1780000000000.0,-77,-3.5,21.5977478,105.8408904,T?nh Thái Nguyên,PhÆ°á» ng Phan Ä Ã¬nh PhÃ¹ng,2026-05-06-00,abcxy51241745.94jhjhdks08072131540.0
1780000000000.0,-89,-5.5,21.59793019,105.8410835,T?nh Thái Nguyên,PhÆ°á» ng Phan Ä Ã¬nh PhÃ¹ng,2026-05-06-00,abcxy51241745.94jhjhdks08072131540.0
1780000000000.0,-79,-4.0,21.59804821,105.8409762,T?nh Thái Nguyên,PhÆ°á» ng Phan Ä Ã¬nh PhÃ¹ng,2026-05-06-00,abcxy51241745.94jhjhdks08072131540.0
1780000000000.0,-86,-7.5,21.5970397,105.8401823,T?nh Thái Nguyên,PhÆ°á» ng Phan Ä Ã¬nh PhÃ¹ng,2026-05-06-00,abcxy51241745.94jhjhdks08072131540.0
1780000000000.0,-78,-5.0,21.5977478,105.8408904,T?nh Thái Nguyên,PhÆ°á» ng Phan Ä Ã¬nh PhÃ¹ng,2026-05-06-00,abcxy51241745.94jhjhdks08072131540.0
1780000000000.0,-77,-5.5,21.59784436,105.840826,T?nh Thái Nguyên,PhÆ°á» ng Phan Ä Ã¬nh PhÃ¹ng,2026-05-06-00,abcxy51241745.94jhjhdks08072131540.0
1780000000000.0,-89,-6.5,21.59773707,105.8407831,T?nh Thái Nguyên,PhÆ°á» ng Phan Ä Ã¬nh PhÃ¹ng,2026-05-06-00,abcxy51241745.94jhjhdks08072131540.0
1780000000000.0,-89,-6.5,21.59779072,105.8408904,T?nh Thái Nguyên,PhÆ°á» ng Phan Ä Ã¬nh PhÃ¹ng,2026-05-06-00,abcxy51241745.94jhjhdks08072131540.0
1780000000000.0,-88,-5.5,21.5977478,105.8407831,T?nh Thái Nguyên,PhÆ°á» ng Phan Ä Ã¬nh PhÃ¹ng,2026-05-06-00,abcxy51241745.94jhjhdks08072131540.0
1780000000000.0,-88,-8.0,21.59732938,105.8399892,T?nh Thái Nguyên,PhÆ°á» ng Phan Ä Ã¬nh PhÃ¹ng,2026-05-06-00,abcxy51241745.94jhjhdks08072131540.0
1780000000000.0,-80,-7.0,21.59809113,105.8409333,T?nh Thái Nguyên,PhÆ°á» ng Phan Ä Ã¬nh PhÃ¹ng,2026-05-06-00,abcxy51241745.94jhjhdks08072131540.0
1780000000000.0,-89,-6.0,21.59812331,105.8421993,T?nh Thái Nguyên,PhÆ°á» ng Phan Ä Ã¬nh PhÃ¹ng,2026-05-06-00,abcxy51241745.94jhjhdks08072131540.0
1780000000000.0,-92,-11.0,21.59867048,105.8422852,T?nh Thái Nguyên,PhÆ°á» ng Phan Ä Ã¬nh PhÃ¹ng,2026-05-06-00,abcxy51241745.94jhjhdks08072131540.0
1780000000000.0,-77,-7.0,21.5977478,105.8408904,T?nh Thái Nguyên,PhÆ°á» ng Phan Ä Ã¬nh PhÃ¹ng,2026-05-06-00,abcxy51241745.94jhjhdks08072131540.0
1780000000000.0,-77,-7.5,21.59781218,105.8420277,T?nh Thái Nguyên,PhÆ°á» ng Phan Ä Ã¬nh PhÃ¹ng,2026-05-06-00,abcxy51241745.94jhjhdks08072131540.0
1780000000000.0,-76,-7.5,21.5977478,105.8408904,T?nh Thái Nguyên,PhÆ°á» ng Phan Ä Ã¬nh PhÃ¹ng,2026-05-06-00,abcxy51241745.94jhjhdks08072131540.0
1780000000000.0,-77,-9.5,21.5977478,105.8408904,T?nh Thái Nguyên,PhÆ°á» ng Phan Ä Ã¬nh PhÃ¹ng,2026-05-06-00,abcxy51241745.94jhjhdks08072131540.0
1780000000000.0,-89,-6.5,21.59780145,105.8409119,T?nh Thái Nguyên,PhÆ°á» ng Phan Ä Ã¬nh PhÃ¹ng,2026-05-06-00,abcxy51241745.94jhjhdks08072131540.0
1780000000000.0,-85,-10.0,21.59847736,105.8410835,T?nh Thái Nguyên,PhÆ°á» ng Phan Ä Ã¬nh PhÃ¹ng,2026-05-06-00,abcxy51241745.94jhjhdks08072131540.0
1780000000000.0,-88,-3.5,21.59773707,105.8407831,T?nh Thái Nguyên,PhÆ°á» ng Phan Ä Ã¬nh PhÃ¹ng,2026-05-06-00,abcxy51241745.94jhjhdks08072131540.0
1780000000000.0,-89,-7.5,21.5970397,105.8401823,T?nh Thái Nguyên,PhÆ°á» ng Phan Ä Ã¬nh PhÃ¹ng,2026-05-06-00,abcxy51241745.94jhjhdks08072131540.0
1780000000000.0,-89,-7.0,21.59742594,105.8403325,T?nh Thái Nguyên,PhÆ°á» ng Phan Ä Ã¬nh PhÃ¹ng,2026-05-06-00,abcxy51241745.94jhjhdks08072131540.0
1780000000000.0,-83,-9.0,21.59769416,105.8408475,T?nh Thái Nguyên,PhÆ°á» ng Phan Ä Ã¬nh PhÃ¹ng,2026-05-06-00,abcxy51241745.94jhjhdks08072131540.0
1780000000000.0,-89,-7.0,21.59793019,105.8410835,T?nh Thái Nguyên,PhÆ°á» ng Phan Ä Ã¬nh PhÃ¹ng,2026-05-06-00,abcxy51241745.94jhjhdks08072131540.0
1780000000000.0,-75,-8.0,21.59772635,105.8408475,T?nh Thái Nguyên,PhÆ°á» ng Phan Ä Ã¬nh PhÃ¹ng,2026-05-06-00,abcxy51241745.94jhjhdks08072131540.0
1780000000000.0,-89,-3.5,21.59779072,105.8408904,T?nh Thái Nguyên,PhÆ°á» ng Phan Ä Ã¬nh PhÃ¹ng,2026-05-06-00,abcxy51241745.94jhjhdks08072131540.0
1780000000000.0,-80,-6.5,21.59773707,105.840826,T?nh Thái Nguyên,PhÆ°á» ng Phan Ä Ã¬nh PhÃ¹ng,2026-05-06-00,abcxy51241745.94jhjhdks08072131540.0
1780000000000.0,-88,-3.5,21.59773707,105.8407831,T?nh Thái Nguyên,PhÆ°á» ng Phan Ä Ã¬nh PhÃ¹ng,2026-05-06-00,abcxy51241745.94jhjhdks08072131540.0
1780000000000.0,-78,-8.0,21.59784436,105.840826,T?nh Thái Nguyên,PhÆ°á» ng Phan Ä Ã¬nh PhÃ¹ng,2026-05-06-00,abcxy51241745.94jhjhdks08072131540.0
1780000000000.0,-76,-8.0,21.59770489,105.8407617,T?nh Thái Nguyên,PhÆ°á» ng Phan Ä Ã¬nh PhÃ¹ng,2026-05-06-00,abcxy51241745.94jhjhdks08072131540.0
1780000000000.0,-86,-7.0,21.59813404,105.8422208,T?nh Thái Nguyên,PhÆ°á» ng Phan Ä Ã¬nh PhÃ¹ng,2026-05-06-00,abcxy51241745.94jhjhdks08072131540.0
1780000000000.0,-90,-9.0,21.59764051,105.8408475,T?nh Thái Nguyên,PhÆ°á» ng Phan Ä Ã¬nh PhÃ¹ng,2026-05-06-00,abcxy51241745.94jhjhdks08072131540.0
1780000000000.0,-79,-8.0,21.59784436,105.840826,T?nh Thái Nguyên,PhÆ°á» ng Phan Ä Ã¬nh PhÃ¹ng,2026-05-06-00,abcxy51241745.94jhjhdks08072131540.0
1780000000000.0,-95,-9.0,21.59683585,105.8402681,T?nh Thái Nguyên,PhÆ°á» ng Phan Ä Ã¬nh PhÃ¹ng,2026-05-06-00,abcxy51241745.94jhjhdks08072131540.0
1780000000000.0,-84,-9.5,21.59772635,105.840826,T?nh Thái Nguyên,PhÆ°á» ng Phan Ä Ã¬nh PhÃ¹ng,2026-05-06-00,abcxy51241745.94jhjhdks08072131540.0
1780000000000.0,-81,-5.5,21.59773707,105.840826,T?nh Thái Nguyên,PhÆ°á» ng Phan Ä Ã¬nh PhÃ¹ng,2026-05-06-00,abcxy51241745.94jhjhdks08072131540.0
1780000000000.0,-95,-19.5,21.59858465,105.842607,T?nh Thái Nguyên,PhÆ°á» ng Phan Ä Ã¬nh PhÃ¹ng,2026-05-06-00,abcxy51241745.94jhjhdks08072131540.0
1780000000000.0,-77,-4.5,21.59781218,105.8420277,T?nh Thái Nguyên,PhÆ°á» ng Phan Ä Ã¬nh PhÃ¹ng,2026-05-06-00,abcxy51241745.94jhjhdks08072131540.0
1780000000000.0,-78,-8.0,21.59772635,105.8408475,T?nh Thái Nguyên,PhÆ°á» ng Phan Ä Ã¬nh PhÃ¹ng,2026-05-06-00,abcxy51241745.94jhjhdks08072131540.0
1780000000000.0,-88,-4.0,21.5977478,105.8407831,T?nh Thái Nguyên,PhÆ°á» ng Phan Ä Ã¬nh PhÃ¹ng,2026-05-06-00,abcxy51241745.94jhjhdks08072131540.0
1780000000000.0,-105,-8.0,21.70490742,105.9270859,T?nh Thái Nguyên,XÃ£ La HiÃªn,2026-05-06-00,abcxy51255989.76jhjhdks08072151590.0
1780000000000.0,-98,-7.5,21.69987559,105.9191895,T?nh Thái Nguyên,XÃ£ La HiÃªn,2026-05-06-00,abcxy51255989.76jhjhdks08072151590.0
1780000000000.0,-103,-5.5,21.70021892,105.9025383,T?nh Thái Nguyên,XÃ£ La HiÃªn,2026-05-06-00,abcxy51255994.64jhjhdks08072151590.0
1780000000000.0,-94,-7.0,21.69792295,105.9109926,T?nh Thái Nguyên,XÃ£ La HiÃªn,2026-05-06-00,abcxy51255994.64jhjhdks08072151590.0
1780000000000.0,-109,-7.0,21.69792295,105.8941698,T?nh Thái Nguyên,XÃ£ La HiÃªn,2026-05-06-00,abcxy51255994.64jhjhdks08072151590.0
1780000000000.0,-96,-8.5,21.47033215,105.8406544,T?nh Thái Nguyên,PhÆ°á» ng SÃ´ng CÃ´ng,2026-05-06-00,abcxy132472737.96jhjhdks080186477890.0
1780000000000.0,-104,-10.0,21.57197714,105.8124375,T?nh Thái Nguyên,PhÆ°á» ng Quyáº¿t Tháº¯ng,2026-05-06-00,abcxy132474740.43jhjhdks080186480710.0
1780000000000.0,-96,-19.5,21.57583952,105.8108497,T?nh Thái Nguyên,PhÆ°á» ng Quyáº¿t Tháº¯ng,2026-05-06-00,abcxy132474740.43jhjhdks080186480710.0
1780000000000.0,-99,-12.0,21.57081842,105.8122444,T?nh Thái Nguyên,PhÆ°á» ng Quyáº¿t Tháº¯ng,2026-05-06-00,abcxy132474741.41jhjhdks080186480710.0
1780000000000.0,-93,-7.0,21.57228827,105.8136606,T?nh Thái Nguyên,PhÆ°á» ng Quyáº¿t Tháº¯ng,2026-05-06-00,abcxy132474741.41jhjhdks080186480710.0
1780000000000.0,-91,-11.0,21.57228827,105.8136606,T?nh Thái Nguyên,PhÆ°á» ng Quyáº¿t Tháº¯ng,2026-05-06-00,abcxy132474741.41jhjhdks080186480710.0
1780000000000.0,-93,-7.0,21.57228827,105.8136606,T?nh Thái Nguyên,PhÆ°á» ng Quyáº¿t Tháº¯ng,2026-05-06-00,abcxy132474741.41jhjhdks080186480710.0
1780000000000.0,-93,-12.0,21.57441258,105.8106351,T?nh Thái Nguyên,PhÆ°á» ng Quyáº¿t Tháº¯ng,2026-05-06-00,abcxy132474750.19jhjhdks080186480720.0
1780000000000.0,-93,-11.5,21.5743804,105.8110642,T?nh Thái Nguyên,PhÆ°á» ng Quyáº¿t Tháº¯ng,2026-05-06-00,abcxy132474750.19jhjhdks080186480720.0
1780000000000.0,-94,-10.5,21.57440186,105.8106565,T?nh Thái Nguyên,PhÆ°á» ng Quyáº¿t Tháº¯ng,2026-05-06-00,abcxy132474750.19jhjhdks080186480720.0
1780000000000.0,-92,-11.0,21.57441258,105.8106351,T?nh Thái Nguyên,PhÆ°á» ng Quyáº¿t Tháº¯ng,2026-05-06-00,abcxy132474750.19jhjhdks080186480720.0
1780000000000.0,-82,-6.5,21.57153726,105.8101416,T?nh Thái Nguyên,PhÆ°á» ng Quyáº¿t Tháº¯ng,2026-05-06-00,abcxy132474759.96jhjhdks080186480740.0
1780000000000.0,-82,-6.5,21.57156944,105.8101201,T?nh Thái Nguyên,PhÆ°á» ng Quyáº¿t Tháº¯ng,2026-05-06-00,abcxy132474759.96jhjhdks080186480740.0
1780000000000.0,-98,-6.5,21.48219824,105.8808446,T?nh Thái Nguyên,PhÆ°á» ng Phá»• YÃªn,2026-05-06-00,abcxy132476733.14jhjhdks080186483520.0
1780000000000.0,-96,-6.5,21.48219824,105.8808446,T?nh Thái Nguyên,PhÆ°á» ng Phá»• YÃªn,2026-05-06-00,abcxy132476733.14jhjhdks080186483520.0
1780000000000.0,-98,-7.5,21.4822197,105.8808661,T?nh Thái Nguyên,PhÆ°á» ng Phá»• YÃªn,2026-05-06-00,abcxy132476733.14jhjhdks080186483520.0
1780000000000.0,-97,-9.5,21.48218751,105.8808017,T?nh Thái Nguyên,PhÆ°á» ng Phá»• YÃªn,2026-05-06-00,abcxy132476733.14jhjhdks080186483520.0
1780000000000.0,-97,-7.0,21.48219824,105.8808446,T?nh Thái Nguyên,PhÆ°á» ng Phá»• YÃªn,2026-05-06-00,abcxy132476733.14jhjhdks080186483520.0
1780000000000.0,-96,-7.5,21.47148013,105.8851361,T?nh Thái Nguyên,PhÆ°á» ng Phá»• YÃªn,2026-05-06-00,abcxy132476733.14jhjhdks080186483520.0
1780000000000.0,-97,-7.5,21.48218751,105.8808017,T?nh Thái Nguyên,PhÆ°á» ng Phá»• YÃªn,2026-05-06-00,abcxy132476733.14jhjhdks080186483520.0
1780000000000.0,-104,-9.5,21.4752996,105.8829045,T?nh Thái Nguyên,PhÆ°á» ng Phá»• YÃªn,2026-05-06-00,abcxy132476733.14jhjhdks080186483520.0
1780000000000.0,-96,-7.5,21.48220897,105.8808231,T?nh Thái Nguyên,PhÆ°á» ng Phá»• YÃªn,2026-05-06-00,abcxy132476733.14jhjhdks080186483520.0
1780000000000.0,-97,-10.0,21.48218751,105.8808017,T?nh Thái Nguyên,PhÆ°á» ng Phá»• YÃªn,2026-05-06-00,abcxy132476733.14jhjhdks080186483520.0
1780000000000.0,-97,-6.5,21.48217678,105.8808017,T?nh Thái Nguyên,PhÆ°á» ng Phá»• YÃªn,2026-05-06-00,abcxy132476733.14jhjhdks080186483520.0
1780000000000.0,-97,-9.0,21.48220897,105.8808231,T?nh Thái Nguyên,PhÆ°á» ng Phá»• YÃªn,2026-05-06-00,abcxy132476733.14jhjhdks080186483520.0
1780000000000.0,-106,-11.5,21.47164106,105.8850718,T?nh Thái Nguyên,PhÆ°á» ng Phá»• YÃªn,2026-05-06-00,abcxy132476733.14jhjhdks080186483520.0
1780000000000.0,-98,-8.0,21.48218751,105.8808017,T?nh Thái Nguyên,PhÆ°á» ng Phá»• YÃªn,2026-05-06-00,abcxy132476733.14jhjhdks080186483520.0
1780000000000.0,-96,-8.0,21.48223042,105.8808446,T?nh Thái Nguyên,PhÆ°á» ng Phá»• YÃªn,2026-05-06-00,abcxy132476733.14jhjhdks080186483520.0
1780000000000.0,-97,-9.0,21.48220897,105.8808231,T?nh Thái Nguyên,PhÆ°á» ng Phá»• YÃªn,2026-05-06-00,abcxy132476733.14jhjhdks080186483520.0
1780000000000.0,-97,-8.0,21.47701621,105.8842993,T?nh Thái Nguyên,PhÆ°á» ng Phá»• YÃªn,2026-05-06-00,abcxy132476733.14jhjhdks080186483520.0
1780000000000.0,-97,-7.0,21.48219824,105.8808446,T?nh Thái Nguyên,PhÆ°á» ng Phá»• YÃªn,2026-05-06-00,abcxy132476733.14jhjhdks080186483520.0
1780000000000.0,-96,-9.0,21.48219824,105.8808446,T?nh Thái Nguyên,PhÆ°á» ng Phá»• YÃªn,2026-05-06-00,abcxy132476733.14jhjhdks080186483520.0
1780000000000.0,-97,-7.5,21.47708058,105.8839989,T?nh Thái Nguyên,PhÆ°á» ng Phá»• YÃªn,2026-05-06-00,abcxy132476733.14jhjhdks080186483520.0
1780000000000.0,-96,-8.0,21.48420453,105.8832264,T?nh Thái Nguyên,PhÆ°á» ng Phá»• YÃªn,2026-05-06-00,abcxy132476734.12jhjhdks080186483520.0
1780000000000.0,-97,-6.5,21.48216605,105.8808017,T?nh Thái Nguyên,PhÆ°á» ng Phá»• YÃªn,2026-05-06-00,abcxy132476734.12jhjhdks080186483520.0
1780000000000.0,-99,-6.5,21.48216605,105.8808017,T?nh Thái Nguyên,PhÆ°á» ng Phá»• YÃªn,2026-05-06-00,abcxy132476734.12jhjhdks080186483520.0
1780000000000.0,-100,-14.5,21.47624373,105.8928609,T?nh Thái Nguyên,PhÆ°á» ng Phá»• YÃªn,2026-05-06-00,abcxy132476734.12jhjhdks080186483520.0
1780000000000.0,-97,-7.0,21.48216605,105.8808017,T?nh Thái Nguyên,PhÆ°á» ng Phá»• YÃªn,2026-05-06-00,abcxy132476734.12jhjhdks080186483520.0
1780000000000.0,-97,-14.0,21.47624373,105.8928609,T?nh Thái Nguyên,PhÆ°á» ng Phá»• YÃªn,2026-05-06-00,abcxy132476734.12jhjhdks080186483520.0
1780000000000.0,-97,-7.5,21.48216605,105.8808017,T?nh Thái Nguyên,PhÆ°á» ng Phá»• YÃªn,2026-05-06-00,abcxy132476734.12jhjhdks080186483520.0
1780000000000.0,-83,-6.0,21.47708058,105.8840203,T?nh Thái Nguyên,PhÆ°á» ng Phá»• YÃªn,2026-05-06-00,abcxy132476734.12jhjhdks080186483520.0
1780000000000.0,-92,-14.0,21.4759326,105.8929896,T?nh Thái Nguyên,PhÆ°á» ng Phá»• YÃªn,2026-05-06-00,abcxy132476734.12jhjhdks080186483520.0
1780000000000.0,-98,-7.0,21.48219824,105.8808446,T?nh Thái Nguyên,PhÆ°á» ng Phá»• YÃªn,2026-05-06-00,abcxy132476734.12jhjhdks080186483520.0
1780000000000.0,-110,-10.0,21.47536397,105.8828616,T?nh Thái Nguyên,PhÆ°á» ng Phá»• YÃªn,2026-05-06-00,abcxy132476734.12jhjhdks080186483520.0
1780000000000.0,-96,-9.0,21.48216605,105.8808017,T?nh Thái Nguyên,PhÆ°á» ng Phá»• YÃªn,2026-05-06-00,abcxy132476734.12jhjhdks080186483520.0
1780000000000.0,-97,-14.0,21.47624373,105.8928609,T?nh Thái Nguyên,PhÆ°á» ng Phá»• YÃªn,2026-05-06-00,abcxy132476734.12jhjhdks080186483520.0
1780000000000.0,-97,-7.5,21.48216605,105.8808017,T?nh Thái Nguyên,PhÆ°á» ng Phá»• YÃªn,2026-05-06-00,abcxy132476734.12jhjhdks080186483520.0
1780000000000.0,-97,-10.0,21.48216605,105.8808017,T?nh Thái Nguyên,PhÆ°á» ng Phá»• YÃªn,2026-05-06-00,abcxy132476734.12jhjhdks080186483520.0
1780000000000.0,-112,-10.0,21.47536397,105.8828616,T?nh Thái Nguyên,PhÆ°á» ng Phá»• YÃªn,2026-05-06-00,abcxy132476734.12jhjhdks080186483520.0
1780000000000.0,-99,-7.5,21.48219824,105.8808446,T?nh Thái Nguyên,PhÆ°á» ng Phá»• YÃªn,2026-05-06-00,abcxy132476734.12jhjhdks080186483520.0
1780000000000.0,-98,-7.0,21.48223042,105.8808446,T?nh Thái Nguyên,PhÆ°á» ng Phá»• YÃªn,2026-05-06-00,abcxy132476734.12jhjhdks080186483520.0
1780000000000.0,-99,-6.5,21.48219824,105.8808446,T?nh Thái Nguyên,PhÆ°á» ng Phá»• YÃªn,2026-05-06-00,abcxy132476734.12jhjhdks080186483520.0
1780000000000.0,-105,-15.0,21.4761579,105.8928609,T?nh Thái Nguyên,PhÆ°á» ng Phá»• YÃªn,2026-05-06-00,abcxy132476734.12jhjhdks080186483520.0
1780000000000.0,-96,-18.0,21.47601843,105.8927965,T?nh Thái Nguyên,PhÆ°á» ng Phá»• YÃªn,2026-05-06-00,abcxy132476734.12jhjhdks080186483520.0
1780000000000.0,-96,-14.5,21.4759326,105.8929896,T?nh Thái Nguyên,PhÆ°á» ng Phá»• YÃªn,2026-05-06-00,abcxy132476734.12jhjhdks080186483520.0
1780000000000.0,-97,-9.0,21.48217678,105.8808017,T?nh Thái Nguyên,PhÆ°á» ng Phá»• YÃªn,2026-05-06-00,abcxy132476734.12jhjhdks080186483520.0
1780000000000.0,-103,-9.0,21.48459077,105.8719182,T?nh Thái Nguyên,PhÆ°á» ng Phá»• YÃªn,2026-05-06-00,abcxy132476737.05jhjhdks080186483520.0
1780000000000.0,-80,-9.0,21.48308873,105.8741713,T?nh Thái Nguyên,PhÆ°á» ng Phá»• YÃªn,2026-05-06-00,abcxy132476737.05jhjhdks080186483520.0
1780000000000.0,-103,-8.5,21.48459077,105.8719182,T?nh Thái Nguyên,PhÆ°á» ng Phá»• YÃªn,2026-05-06-00,abcxy132476737.05jhjhdks080186483520.0
1780000000000.0,-103,-12.0,21.48459077,105.8719182,T?nh Thái Nguyên,PhÆ°á» ng Phá»• YÃªn,2026-05-06-00,abcxy132476737.05jhjhdks080186483520.0
1780000000000.0,-103,-13.5,21.48405433,105.8723903,T?nh Thái Nguyên,PhÆ°á» ng Phá»• YÃªn,2026-05-06-00,abcxy132476737.05jhjhdks080186483520.0
1780000000000.0,-103,-11.0,21.48442984,105.8720899,T?nh Thái Nguyên,PhÆ°á» ng Phá»• YÃªn,2026-05-06-00,abcxy132476737.05jhjhdks080186483520.0
1780000000000.0,-103,-9.5,21.48458004,105.872004,T?nh Thái Nguyên,PhÆ°á» ng Phá»• YÃªn,2026-05-06-00,abcxy132476737.05jhjhdks080186483520.0
1780000000000.0,-103,-8.5,21.48458004,105.872004,T?nh Thái Nguyên,PhÆ°á» ng Phá»• YÃªn,2026-05-06-00,abcxy132476737.05jhjhdks080186483520.0
1780000000000.0,-103,-8.5,21.48458004,105.872004,T?nh Thái Nguyên,PhÆ°á» ng Phá»• YÃªn,2026-05-06-00,abcxy132476737.05jhjhdks080186483520.0
1780000000000.0,-103,-9.5,21.48503065,105.8718109,T?nh Thái Nguyên,PhÆ°á» ng Phá»• YÃªn,2026-05-06-00,abcxy132476737.05jhjhdks080186483520.0
1780000000000.0,-103,-9.0,21.48405433,105.8724117,T?nh Thái Nguyên,PhÆ°á» ng Phá»• YÃªn,2026-05-06-00,abcxy132476737.05jhjhdks080186483520.0
1780000000000.0,-83,-9.5,21.48624301,105.8762956,T?nh Thái Nguyên,PhÆ°á» ng Phá»• YÃªn,2026-05-06-00,abcxy132476737.05jhjhdks080186483520.0
1780000000000.0,-103,-9.0,21.48458004,105.8719826,T?nh Thái Nguyên,PhÆ°á» ng Phá»• YÃªn,2026-05-06-00,abcxy132476737.05jhjhdks080186483520.0
1780000000000.0,-103,-10.5,21.48458004,105.8719826,T?nh Thái Nguyên,PhÆ°á» ng Phá»• YÃªn,2026-05-06-00,abcxy132476737.05jhjhdks080186483520.0
1780000000000.0,-104,-13.0,21.48367882,105.8721328,T?nh Thái Nguyên,PhÆ°á» ng Phá»• YÃªn,2026-05-06-00,abcxy132476737.05jhjhdks080186483520.0
1780000000000.0,-103,-13.5,21.48442984,105.8720899,T?nh Thái Nguyên,PhÆ°á» ng Phá»• YÃªn,2026-05-06-00,abcxy132476737.05jhjhdks080186483520.0
1780000000000.0,-97,-14.0,21.48547053,105.8716607,T?nh Thái Nguyên,PhÆ°á» ng Phá»• YÃªn,2026-05-06-00,abcxy132476737.05jhjhdks080186483520.0
1780000000000.0,-103,-13.5,21.48456931,105.8718967,T?nh Thái Nguyên,PhÆ°á» ng Phá»• YÃªn,2026-05-06-00,abcxy132476737.05jhjhdks080186483520.0
1780000000000.0,-93,-13.0,21.48308873,105.8741713,T?nh Thái Nguyên,PhÆ°á» ng Phá»• YÃªn,2026-05-06-00,abcxy132476737.05jhjhdks080186483520.0
1780000000000.0,-103,-12.0,21.48458004,105.8719826,T?nh Thái Nguyên,PhÆ°á» ng Phá»• YÃªn,2026-05-06-00,abcxy132476737.05jhjhdks080186483520.0
1780000000000.0,-103,-8.5,21.48459077,105.8719182,T?nh Thái Nguyên,PhÆ°á» ng Phá»• YÃªn,2026-05-06-00,abcxy132476737.05jhjhdks080186483520.0
1780000000000.0,-103,-14.5,21.48456931,105.8718967,T?nh Thái Nguyên,PhÆ°á» ng Phá»• YÃªn,2026-05-06-00,abcxy132476737.05jhjhdks080186483520.0
1780000000000.0,-102,-9.5,21.48405433,105.8724117,T?nh Thái Nguyên,PhÆ°á» ng Phá»• YÃªn,2026-05-06-00,abcxy132476737.05jhjhdks080186483520.0
1780000000000.0,-103,-10.0,21.4840436,105.872283,T?nh Thái Nguyên,PhÆ°á» ng Phá»• YÃªn,2026-05-06-00,abcxy132476737.05jhjhdks080186483520.0
1780000000000.0,-103,-11.0,21.48405433,105.8723903,T?nh Thái Nguyên,PhÆ°á» ng Phá»• YÃªn,2026-05-06-00,abcxy132476737.05jhjhdks080186483520.0
1780000000000.0,-97,-12.5,21.48548126,105.8716822,T?nh Thái Nguyên,PhÆ°á» ng Phá»• YÃªn,2026-05-06-00,abcxy132476737.05jhjhdks080186483520.0
1780000000000.0,-99,-12.0,21.48717642,105.8708882,T?nh Thái Nguyên,PhÆ°á» ng Phá»• YÃªn,2026-05-06-00,abcxy132476737.05jhjhdks080186483520.0
1780000000000.0,-103,-8.0,21.48459077,105.8719182,T?nh Thái Nguyên,PhÆ°á» ng Phá»• YÃªn,2026-05-06-00,abcxy132476737.05jhjhdks080186483520.0
1780000000000.0,-106,-12.0,21.48712277,105.8739781,T?nh Thái Nguyên,PhÆ°á» ng Phá»• YÃªn,2026-05-06-00,abcxy132476738.02jhjhdks080186483520.0
1780000000000.0,-84,-8.5,21.48368955,105.8717251,T?nh Thái Nguyên,PhÆ°á» ng Phá»• YÃªn,2026-05-06-00,abcxy132476738.02jhjhdks080186483520.0
1780000000000.0,-104,-16.0,21.48822784,105.8731413,T?nh Thái Nguyên,PhÆ°á» ng Phá»• YÃªn,2026-05-06-00,abcxy132476738.02jhjhdks080186483520.0
1780000000000.0,-98,-10.5,21.48405433,105.8723903,T?nh Thái Nguyên,PhÆ°á» ng Phá»• YÃªn,2026-05-06-00,abcxy132476738.02jhjhdks080186483520.0
1780000000000.0,-95,-12.0,21.48374319,105.8716607,T?nh Thái Nguyên,PhÆ°á» ng Phá»• YÃªn,2026-05-06-00,abcxy132476738.02jhjhdks080186483520.0
1780000000000.0,-101,-19.0,21.48822784,105.8731413,T?nh Thái Nguyên,PhÆ°á» ng Phá»• YÃªn,2026-05-06-00,abcxy132476738.02jhjhdks080186483520.0
1780000000000.0,-103,-14.0,21.48822784,105.8731413,T?nh Thái Nguyên,PhÆ°á» ng Phá»• YÃªn,2026-05-06-00,abcxy132476738.02jhjhdks080186483520.0
1780000000000.0,-89,-12.5,21.48388267,105.8717251,T?nh Thái Nguyên,PhÆ°á» ng Phá»• YÃªn,2026-05-06-00,abcxy132476738.02jhjhdks080186483520.0
1780000000000.0,-107,-13.5,21.48712277,105.8739781,T?nh Thái Nguyên,PhÆ°á» ng Phá»• YÃªn,2026-05-06-00,abcxy132476738.02jhjhdks080186483520.0
1780000000000.0,-91,-12.5,21.48388267,105.8717251,T?nh Thái Nguyên,PhÆ°á» ng Phá»• YÃªn,2026-05-06-00,abcxy132476738.02jhjhdks080186483520.0
1780000000000.0,-104,-12.0,21.48822784,105.8731413,T?nh Thái Nguyên,PhÆ°á» ng Phá»• YÃªn,2026-05-06-00,abcxy132476738.02jhjhdks080186483520.0
1780000000000.0,-104,-14.5,21.48822784,105.8731413,T?nh Thái Nguyên,PhÆ°á» ng Phá»• YÃªn,2026-05-06-00,abcxy132476738.02jhjhdks080186483520.0
1780000000000.0,-90,-12.5,21.48388267,105.8717251,T?nh Thái Nguyên,PhÆ°á» ng Phá»• YÃªn,2026-05-06-00,abcxy132476738.02jhjhdks080186483520.0
1780000000000.0,-95,-12.5,21.483711,105.8717036,T?nh Thái Nguyên,PhÆ°á» ng Phá»• YÃªn,2026-05-06-00,abcxy132476738.02jhjhdks080186483520.0
1780000000000.0,-102,-12.5,21.48388267,105.8717251,T?nh Thái Nguyên,PhÆ°á» ng Phá»• YÃªn,2026-05-06-00,abcxy132476738.02jhjhdks080186483520.0
1780000000000.0,-101,-9.0,21.48907542,105.8731413,T?nh Thái Nguyên,PhÆ°á» ng Phá»• YÃªn,2026-05-06-00,abcxy132476738.02jhjhdks080186483520.0
1780000000000.0,-104,-16.0,21.48822784,105.8731413,T?nh Thái Nguyên,PhÆ°á» ng Phá»• YÃªn,2026-05-06-00,abcxy132476738.02jhjhdks080186483520.0
1780000000000.0,-107,-13.0,21.48829222,105.8762527,T?nh Thái Nguyên,PhÆ°á» ng Phá»• YÃªn,2026-05-06-00,abcxy132476738.02jhjhdks080186483520.0
1780000000000.0,-99,-13.0,21.48374319,105.8716607,T?nh Thái Nguyên,PhÆ°á» ng Phá»• YÃªn,2026-05-06-00,abcxy132476738.02jhjhdks080186483520.0
1780000000000.0,-103,-11.5,21.48388267,105.8717251,T?nh Thái Nguyên,PhÆ°á» ng Phá»• YÃªn,2026-05-06-00,abcxy132476738.02jhjhdks080186483520.0
1780000000000.0,-104,-12.5,21.48822784,105.8731413,T?nh Thái Nguyên,PhÆ°á» ng Phá»• YÃªn,2026-05-06-00,abcxy132476738.02jhjhdks080186483520.0
1780000000000.0,-103,-12.5,21.48822784,105.8731413,T?nh Thái Nguyên,PhÆ°á» ng Phá»• YÃªn,2026-05-06-00,abcxy132476738.02jhjhdks080186483520.0
1780000000000.0,-103,-12.5,21.48907542,105.8731413,T?nh Thái Nguyên,PhÆ°á» ng Phá»• YÃªn,2026-05-06-00,abcxy132476738.02jhjhdks080186483520.0
1780000000000.0,-103,-13.5,21.48907542,105.8731413,T?nh Thái Nguyên,PhÆ°á» ng Phá»• YÃªn,2026-05-06-00,abcxy132476738.02jhjhdks080186483520.0
1780000000000.0,-115,-15.0,21.58934712,105.7979107,T?nh Thái Nguyên,PhÆ°á» ng Quyáº¿t Tháº¯ng,2026-05-06-00,abcxy132479989.24jhjhdks080186488100.0
1780000000000.0,-113,-8.5,21.5862143,105.7971597,T?nh Thái Nguyên,PhÆ°á» ng Quyáº¿t Tháº¯ng,2026-05-06-00,abcxy132479989.24jhjhdks080186488100.0
1780000000000.0,-83,-14.5,21.58789873,105.8024168,T?nh Thái Nguyên,PhÆ°á» ng Quyáº¿t Tháº¯ng,2026-05-06-00,abcxy132479989.24jhjhdks080186488100.0
1780000000000.0,-96,-8.5,21.58547401,105.7885337,T?nh Thái Nguyên,PhÆ°á» ng Quyáº¿t Tháº¯ng,2026-05-06-00,abcxy132479999.0jhjhdks080186488110.0
1780000000000.0,-97,-7.5,21.58547401,105.7885337,T?nh Thái Nguyên,PhÆ°á» ng Quyáº¿t Tháº¯ng,2026-05-06-00,abcxy132479999.0jhjhdks080186488110.0
1780000000000.0,-96,-7.5,21.58547401,105.7885337,T?nh Thái Nguyên,PhÆ°á» ng Quyáº¿t Tháº¯ng,2026-05-06-00,abcxy132479999.0jhjhdks080186488110.0
1780000000000.0,-98,-9.0,21.58547401,105.7885337,T?nh Thái Nguyên,PhÆ°á» ng Quyáº¿t Tháº¯ng,2026-05-06-00,abcxy132479999.0jhjhdks080186488110.0
1780000000000.0,-101,-8.0,21.58547401,105.7885337,T?nh Thái Nguyên,PhÆ°á» ng Quyáº¿t Tháº¯ng,2026-05-06-00,abcxy132479999.0jhjhdks080186488110.0
1780000000000.0,-99,-9.5,21.58547401,105.7885337,T?nh Thái Nguyên,PhÆ°á» ng Quyáº¿t Tháº¯ng,2026-05-06-00,abcxy132479999.0jhjhdks080186488110.0
1780000000000.0,-101,-6.5,21.58547401,105.7885337,T?nh Thái Nguyên,PhÆ°á» ng Quyáº¿t Tháº¯ng,2026-05-06-00,abcxy132479999.0jhjhdks080186488110.0
1780000000000.0,-98,-7.0,21.58547401,105.7885337,T?nh Thái Nguyên,PhÆ°á» ng Quyáº¿t Tháº¯ng,2026-05-06-00,abcxy132479999.0jhjhdks080186488110.0
1780000000000.0,-101,-8.0,21.58547401,105.7885337,T?nh Thái Nguyên,PhÆ°á» ng Quyáº¿t Tháº¯ng,2026-05-06-00,abcxy132479999.0jhjhdks080186488110.0
1780000000000.0,-96,-7.0,21.58547401,105.7885337,T?nh Thái Nguyên,PhÆ°á» ng Quyáº¿t Tháº¯ng,2026-05-06-00,abcxy132479999.0jhjhdks080186488110.0
1780000000000.0,-97,-7.0,21.58547401,105.7885337,T?nh Thái Nguyên,PhÆ°á» ng Quyáº¿t Tháº¯ng,2026-05-06-00,abcxy132479999.0jhjhdks080186488110.0
1780000000000.0,-100,-7.0,21.58547401,105.7885337,T?nh Thái Nguyên,PhÆ°á» ng Quyáº¿t Tháº¯ng,2026-05-06-00,abcxy132479999.0jhjhdks080186488110.0
1780000000000.0,-99,-9.5,21.58547401,105.7885337,T?nh Thái Nguyên,PhÆ°á» ng Quyáº¿t Tháº¯ng,2026-05-06-00,abcxy132479999.0jhjhdks080186488110.0
1780000000000.0,-99,-7.5,21.58547401,105.7885337,T?nh Thái Nguyên,PhÆ°á» ng Quyáº¿t Tháº¯ng,2026-05-06-00,abcxy132479999.0jhjhdks080186488110.0
1780000000000.0,-95,-7.0,21.58547401,105.7885337,T?nh Thái Nguyên,PhÆ°á» ng Quyáº¿t Tháº¯ng,2026-05-06-00,abcxy132479999.0jhjhdks080186488110.0
1780000000000.0,-96,-7.5,21.58547401,105.7885337,T?nh Thái Nguyên,PhÆ°á» ng Quyáº¿t Tháº¯ng,2026-05-06-00,abcxy132479999.0jhjhdks080186488110.0
1780000000000.0,-98,-9.5,21.58547401,105.7885337,T?nh Thái Nguyên,PhÆ°á» ng Quyáº¿t Tháº¯ng,2026-05-06-00,abcxy132479999.0jhjhdks080186488110.0
1780000000000.0,-97,-6.5,21.58547401,105.7885337,T?nh Thái Nguyên,PhÆ°á» ng Quyáº¿t Tháº¯ng,2026-05-06-00,abcxy132479999.0jhjhdks080186488110.0
1780000000000.0,-97,-8.0,21.58547401,105.7885337,T?nh Thái Nguyên,PhÆ°á» ng Quyáº¿t Tháº¯ng,2026-05-06-00,abcxy132479999.0jhjhdks080186488110.0
1780000000000.0,-97,-8.5,21.58547401,105.7885337,T?nh Thái Nguyên,PhÆ°á» ng Quyáº¿t Tháº¯ng,2026-05-06-00,abcxy132479999.0jhjhdks080186488110.0
1780000000000.0,-96,-8.5,21.58547401,105.7885337,T?nh Thái Nguyên,PhÆ°á» ng Quyáº¿t Tháº¯ng,2026-05-06-00,abcxy132479999.0jhjhdks080186488110.0
1780000000000.0,-96,-6.5,21.58547401,105.7885337,T?nh Thái Nguyên,PhÆ°á» ng Quyáº¿t Tháº¯ng,2026-05-06-00,abcxy132479999.0jhjhdks080186488110.0
1780000000000.0,-97,-7.0,21.58547401,105.7885337,T?nh Thái Nguyên,PhÆ°á» ng Quyáº¿t Tháº¯ng,2026-05-06-00,abcxy132479999.0jhjhdks080186488110.0
1780000000000.0,-99,-6.5,21.58547401,105.7885337,T?nh Thái Nguyên,PhÆ°á» ng Quyáº¿t Tháº¯ng,2026-05-06-00,abcxy132479999.0jhjhdks080186488110.0
1780000000000.0,-97,-7.5,21.58547401,105.7885337,T?nh Thái Nguyên,PhÆ°á» ng Quyáº¿t Tháº¯ng,2026-05-06-00,abcxy132479999.0jhjhdks080186488110.0
1780000000000.0,-95,-9.0,21.58547401,105.7885337,T?nh Thái Nguyên,PhÆ°á» ng Quyáº¿t Tháº¯ng,2026-05-06-00,abcxy132479999.0jhjhdks080186488110.0
1780000000000.0,-96,-7.0,21.58547401,105.7885337,T?nh Thái Nguyên,PhÆ°á» ng Quyáº¿t Tháº¯ng,2026-05-06-00,abcxy132479999.0jhjhdks080186488110.0
1780000000000.0,-97,-6.5,21.58547401,105.7885337,T?nh Thái Nguyên,PhÆ°á» ng Quyáº¿t Tháº¯ng,2026-05-06-00,abcxy132479999.0jhjhdks080186488110.0
1780000000000.0,-97,-7.5,21.58547401,105.7885337,T?nh Thái Nguyên,PhÆ°á» ng Quyáº¿t Tháº¯ng,2026-05-06-00,abcxy132479999.0jhjhdks080186488110.0
1780000000000.0,-96,-7.0,21.58547401,105.7885337,T?nh Thái Nguyên,PhÆ°á» ng Quyáº¿t Tháº¯ng,2026-05-06-00,abcxy132479999.0jhjhdks080186488110.0
1780000000000.0,-101,-6.5,21.58474445,105.7922244,T?nh Thái Nguyên,PhÆ°á» ng Quyáº¿t Tháº¯ng,2026-05-06-00,abcxy132479999.97jhjhdks080186488110.0
1780000000000.0,-102,-7.5,21.58547401,105.7885337,T?nh Thái Nguyên,PhÆ°á» ng Quyáº¿t Tháº¯ng,2026-05-06-00,abcxy132479999.97jhjhdks080186488110.0
1780000000000.0,-100,-8.0,21.58547401,105.7885337,T?nh Thái Nguyên,PhÆ°á» ng Quyáº¿t Tháº¯ng,2026-05-06-00,abcxy132479999.97jhjhdks080186488110.0
1780000000000.0,-102,-5.5,21.58470154,105.7920957,T?nh Thái Nguyên,PhÆ°á» ng Quyáº¿t Tháº¯ng,2026-05-06-00,abcxy132479999.97jhjhdks080186488110.0
1780000000000.0,-100,-7.0,21.58547401,105.7885337,T?nh Thái Nguyên,PhÆ°á» ng Quyáº¿t Tháº¯ng,2026-05-06-00,abcxy132479999.97jhjhdks080186488110.0
1780000000000.0,-99,-7.5,21.58547401,105.7885337,T?nh Thái Nguyên,PhÆ°á» ng Quyáº¿t Tháº¯ng,2026-05-06-00,abcxy132479999.97jhjhdks080186488110.0
1780000000000.0,-103,-7.0,21.58475518,105.7922029,T?nh Thái Nguyên,PhÆ°á» ng Quyáº¿t Tháº¯ng,2026-05-06-00,abcxy132479999.97jhjhdks080186488110.0
1780000000000.0,-102,-5.0,21.584723,105.79216,T?nh Thái Nguyên,PhÆ°á» ng Quyáº¿t Tháº¯ng,2026-05-06-00,abcxy132479999.97jhjhdks080186488110.0
1780000000000.0,-103,-10.5,21.58471227,105.7922029,T?nh Thái Nguyên,PhÆ°á» ng Quyáº¿t Tháº¯ng,2026-05-06-00,abcxy132479999.97jhjhdks080186488110.0
1780000000000.0,-100,-7.5,21.58547401,105.7885337,T?nh Thái Nguyên,PhÆ°á» ng Quyáº¿t Tháº¯ng,2026-05-06-00,abcxy132479999.97jhjhdks080186488110.0
1780000000000.0,-97,-7.5,21.58547401,105.7885337,T?nh Thái Nguyên,PhÆ°á» ng Quyáº¿t Tháº¯ng,2026-05-06-00,abcxy132479999.97jhjhdks080186488110.0
1780000000000.0,-104,-6.0,21.58475518,105.7922029,T?nh Thái Nguyên,PhÆ°á» ng Quyáº¿t Tháº¯ng,2026-05-06-00,abcxy132479999.97jhjhdks080186488110.0
1780000000000.0,-102,-3.5,21.58475518,105.7922029,T?nh Thái Nguyên,PhÆ°á» ng Quyáº¿t Tháº¯ng,2026-05-06-00,abcxy132479999.97jhjhdks080186488110.0
1780000000000.0,-101,-7.0,21.58475518,105.7922029,T?nh Thái Nguyên,PhÆ°á» ng Quyáº¿t Tháº¯ng,2026-05-06-00,abcxy132479999.97jhjhdks080186488110.0
1780000000000.0,-102,-7.0,21.584723,105.7922673,T?nh Thái Nguyên,PhÆ°á» ng Quyáº¿t Tháº¯ng,2026-05-06-00,abcxy132479999.97jhjhdks080186488110.0
1780000000000.0,-104,-4.5,21.58475518,105.7922029,T?nh Thái Nguyên,PhÆ°á» ng Quyáº¿t Tháº¯ng,2026-05-06-00,abcxy132479999.97jhjhdks080186488110.0
1780000000000.0,-101,-7.0,21.58547401,105.7885337,T?nh Thái Nguyên,PhÆ°á» ng Quyáº¿t Tháº¯ng,2026-05-06-00,abcxy132479999.97jhjhdks080186488110.0
1780000000000.0,-100,-7.0,21.58547401,105.7885337,T?nh Thái Nguyên,PhÆ°á» ng Quyáº¿t Tháº¯ng,2026-05-06-00,abcxy132479999.97jhjhdks080186488110.0
1780000000000.0,-100,-7.0,21.58547401,105.7885337,T?nh Thái Nguyên,PhÆ°á» ng Quyáº¿t Tháº¯ng,2026-05-06-00,abcxy132479999.97jhjhdks080186488110.0
1780000000000.0,-100,-7.5,21.58547401,105.7885337,T?nh Thái Nguyên,PhÆ°á» ng Quyáº¿t Tháº¯ng,2026-05-06-00,abcxy132479999.97jhjhdks080186488110.0
1780000000000.0,-103,-5.5,21.58475518,105.7922029,T?nh Thái Nguyên,PhÆ°á» ng Quyáº¿t Tháº¯ng,2026-05-06-00,abcxy132479999.97jhjhdks080186488110.0
1780000000000.0,-102,-3.0,21.58475518,105.7922029,T?nh Thái Nguyên,PhÆ°á» ng Quyáº¿t Tháº¯ng,2026-05-06-00,abcxy132479999.97jhjhdks080186488110.0
1780000000000.0,-102,-7.0,21.58547401,105.7885337,T?nh Thái Nguyên,PhÆ°á» ng Quyáº¿t Tháº¯ng,2026-05-06-00,abcxy132479999.97jhjhdks080186488110.0
1780000000000.0,-103,-8.5,21.58470154,105.7921171,T?nh Thái Nguyên,PhÆ°á» ng Quyáº¿t Tháº¯ng,2026-05-06-00,abcxy132479999.97jhjhdks080186488110.0
1780000000000.0,-103,-7.0,21.58470154,105.7920957,T?nh Thái Nguyên,PhÆ°á» ng Quyáº¿t Tháº¯ng,2026-05-06-00,abcxy132479999.97jhjhdks080186488110.0
1780000000000.0,-102,-4.5,21.58470154,105.7920957,T?nh Thái Nguyên,PhÆ°á» ng Quyáº¿t Tháº¯ng,2026-05-06-00,abcxy132479999.97jhjhdks080186488110.0
1780000000000.0,-102,-3.5,21.58470154,105.7921171,T?nh Thái Nguyên,PhÆ°á» ng Quyáº¿t Tháº¯ng,2026-05-06-00,abcxy132479999.97jhjhdks080186488110.0
1780000000000.0,-97,-7.5,21.58547401,105.7885337,T?nh Thái Nguyên,PhÆ°á» ng Quyáº¿t Tháº¯ng,2026-05-06-00,abcxy132479999.97jhjhdks080186488110.0
1780000000000.0,-102,-7.0,21.584723,105.79216,T?nh Thái Nguyên,PhÆ°á» ng Quyáº¿t Tháº¯ng,2026-05-06-00,abcxy132479999.97jhjhdks080186488110.0
1780000000000.0,-102,-8.5,21.584723,105.79216,T?nh Thái Nguyên,PhÆ°á» ng Quyáº¿t Tháº¯ng,2026-05-06-00,abcxy132479999.97jhjhdks080186488110.0
1780000000000.0,-103,-8.5,21.58475518,105.7922029,T?nh Thái Nguyên,PhÆ°á» ng Quyáº¿t Tháº¯ng,2026-05-06-00,abcxy132479999.97jhjhdks080186488110.0
1780000000000.0,-100,-8.0,21.58547401,105.7885337,T?nh Thái Nguyên,PhÆ°á» ng Quyáº¿t Tháº¯ng,2026-05-06-00,abcxy132479999.97jhjhdks080186488110.0
1780000000000.0,-102,-8.0,21.58475518,105.7922029,T?nh Thái Nguyên,PhÆ°á» ng Quyáº¿t Tháº¯ng,2026-05-06-00,abcxy132479999.97jhjhdks080186488110.0
1780000000000.0,-102,-6.5,21.58475518,105.7922029,T?nh Thái Nguyên,PhÆ°á» ng Quyáº¿t Tháº¯ng,2026-05-06-00,abcxy132479999.97jhjhdks080186488110.0
1780000000000.0,-102,-6.5,21.58466935,105.7920957,T?nh Thái Nguyên,PhÆ°á» ng Quyáº¿t Tháº¯ng,2026-05-06-00,abcxy132479999.97jhjhdks080186488110.0
1780000000000.0,-100,-7.0,21.58547401,105.7885337,T?nh Thái Nguyên,PhÆ°á» ng Quyáº¿t Tháº¯ng,2026-05-06-00,abcxy132479999.97jhjhdks080186488110.0
1780000000000.0,-103,-7.0,21.584723,105.7922673,T?nh Thái Nguyên,PhÆ°á» ng Quyáº¿t Tháº¯ng,2026-05-06-00,abcxy132479999.97jhjhdks080186488110.0
1780000000000.0,-103,-6.5,21.58470154,105.7920957,T?nh Thái Nguyên,PhÆ°á» ng Quyáº¿t Tháº¯ng,2026-05-06-00,abcxy132479999.97jhjhdks080186488110.0
1780000000000.0,-100,-7.0,21.58547401,105.7885337,T?nh Thái Nguyên,PhÆ°á» ng Quyáº¿t Tháº¯ng,2026-05-06-00,abcxy132479999.97jhjhdks080186488110.0
1780000000000.0,-105,-8.0,21.58547401,105.7885337,T?nh Thái Nguyên,PhÆ°á» ng Quyáº¿t Tháº¯ng,2026-05-06-00,abcxy132479999.97jhjhdks080186488110.0
1780000000000.0,-97,-7.5,21.58547401,105.7885337,T?nh Thái Nguyên,PhÆ°á» ng Quyáº¿t Tháº¯ng,2026-05-06-00,abcxy132479999.97jhjhdks080186488110.0
1780000000000.0,-103,-7.0,21.58465862,105.7920527,T?nh Thái Nguyên,PhÆ°á» ng Quyáº¿t Tháº¯ng,2026-05-06-00,abcxy132479999.97jhjhdks080186488110.0
1780000000000.0,-101,-7.0,21.58547401,105.7885337,T?nh Thái Nguyên,PhÆ°á» ng Quyáº¿t Tháº¯ng,2026-05-06-00,abcxy132479999.97jhjhdks080186488110.0
1780000000000.0,-102,-7.0,21.58547401,105.7885337,T?nh Thái Nguyên,PhÆ°á» ng Quyáº¿t Tháº¯ng,2026-05-06-00,abcxy132479999.97jhjhdks080186488110.0
1780000000000.0,-102,-8.0,21.58466935,105.7920957,T?nh Thái Nguyên,PhÆ°á» ng Quyáº¿t Tháº¯ng,2026-05-06-00,abcxy132479999.97jhjhdks080186488110.0
1780000000000.0,-102,-7.0,21.58470154,105.7920957,T?nh Thái Nguyên,PhÆ°á» ng Quyáº¿t Tháº¯ng,2026-05-06-00,abcxy132479999.97jhjhdks080186488110.0
1780000000000.0,-100,-8.0,21.58547401,105.7885337,T?nh Thái Nguyên,PhÆ°á» ng Quyáº¿t Tháº¯ng,2026-05-06-00,abcxy132479999.97jhjhdks080186488110.0
1780000000000.0,-102,-7.5,21.58547401,105.7885337,T?nh Thái Nguyên,PhÆ°á» ng Quyáº¿t Tháº¯ng,2026-05-06-00,abcxy132479999.97jhjhdks080186488110.0
1780000000000.0,-103,-7.0,21.58475518,105.7922029,T?nh Thái Nguyên,PhÆ°á» ng Quyáº¿t Tháº¯ng,2026-05-06-00,abcxy132479999.97jhjhdks080186488110.0
1780000000000.0,-103,-7.5,21.58547401,105.7885337,T?nh Thái Nguyên,PhÆ°á» ng Quyáº¿t Tháº¯ng,2026-05-06-00,abcxy132479999.97jhjhdks080186488110.0
1780000000000.0,-99,-7.5,21.58547401,105.7885337,T?nh Thái Nguyên,PhÆ°á» ng Quyáº¿t Tháº¯ng,2026-05-06-00,abcxy132479999.97jhjhdks080186488110.0
1780000000000.0,-96,-7.5,21.58547401,105.7885337,T?nh Thái Nguyên,PhÆ°á» ng Quyáº¿t Tháº¯ng,2026-05-06-00,abcxy132479999.97jhjhdks080186488110.0
1780000000000.0,-99,-5.0,21.58547401,105.7885337,T?nh Thái Nguyên,PhÆ°á» ng Quyáº¿t Tháº¯ng,2026-05-06-00,abcxy132479999.97jhjhdks080186488110.0
1780000000000.0,-102,-7.5,21.58547401,105.7885337,T?nh Thái Nguyên,PhÆ°á» ng Quyáº¿t Tháº¯ng,2026-05-06-00,abcxy132479999.97jhjhdks080186488110.0
1780000000000.0,-103,-6.5,21.584723,105.7922673,T?nh Thái Nguyên,PhÆ°á» ng Quyáº¿t Tháº¯ng,2026-05-06-00,abcxy132479999.97jhjhdks080186488110.0
1780000000000.0,-102,-7.0,21.58474445,105.7922244,T?nh Thái Nguyên,PhÆ°á» ng Quyáº¿t Tháº¯ng,2026-05-06-00,abcxy132479999.97jhjhdks080186488110.0
1780000000000.0,-102,-4.5,21.58470154,105.7920957,T?nh Thái Nguyên,PhÆ°á» ng Quyáº¿t Tháº¯ng,2026-05-06-00,abcxy132479999.97jhjhdks080186488110.0
1780000000000.0,-101,-8.0,21.58547401,105.7885337,T?nh Thái Nguyên,PhÆ°á» ng Quyáº¿t Tháº¯ng,2026-05-06-00,abcxy132479999.97jhjhdks080186488110.0
1780000000000.0,-100,-7.5,21.58547401,105.7885337,T?nh Thái Nguyên,PhÆ°á» ng Quyáº¿t Tháº¯ng,2026-05-06-00,abcxy132479999.97jhjhdks080186488110.0
1780000000000.0,-103,-7.0,21.58475518,105.7922029,T?nh Thái Nguyên,PhÆ°á» ng Quyáº¿t Tháº¯ng,2026-05-06-00,abcxy132479999.97jhjhdks080186488110.0
1780000000000.0,-101,-8.0,21.58547401,105.7885337,T?nh Thái Nguyên,PhÆ°á» ng Quyáº¿t Tháº¯ng,2026-05-06-00,abcxy132479999.97jhjhdks080186488110.0
1780000000000.0,-100,-7.5,21.58547401,105.7885337,T?nh Thái Nguyên,PhÆ°á» ng Quyáº¿t Tháº¯ng,2026-05-06-00,abcxy132479999.97jhjhdks080186488110.0
1780000000000.0,-102,-3.0,21.58471227,105.7922029,T?nh Thái Nguyên,PhÆ°á» ng Quyáº¿t Tháº¯ng,2026-05-06-00,abcxy132479999.97jhjhdks080186488110.0
1780000000000.0,-102,-3.5,21.58475518,105.7922029,T?nh Thái Nguyên,PhÆ°á» ng Quyáº¿t Tháº¯ng,2026-05-06-00,abcxy132479999.97jhjhdks080186488110.0
1780000000000.0,-102,-3.5,21.58456206,105.7921815,T?nh Thái Nguyên,PhÆ°á» ng Quyáº¿t Tháº¯ng,2026-05-06-00,abcxy132479999.97jhjhdks080186488110.0
1780000000000.0,-103,-6.5,21.58466935,105.7920957,T?nh Thái Nguyên,PhÆ°á» ng Quyáº¿t Tháº¯ng,2026-05-06-00,abcxy132479999.97jhjhdks080186488110.0
1780000000000.0,-101,-7.5,21.58547401,105.7885337,T?nh Thái Nguyên,PhÆ°á» ng Quyáº¿t Tháº¯ng,2026-05-06-00,abcxy132479999.97jhjhdks080186488110.0
1780000000000.0,-102,-8.5,21.58475518,105.7922029,T?nh Thái Nguyên,PhÆ°á» ng Quyáº¿t Tháº¯ng,2026-05-06-00,abcxy132479999.97jhjhdks080186488110.0
1780000000000.0,-102,-7.0,21.58465862,105.7920957,T?nh Thái Nguyên,PhÆ°á» ng Quyáº¿t Tháº¯ng,2026-05-06-00,abcxy132479999.97jhjhdks080186488110.0
1780000000000.0,-103,-6.5,21.58475518,105.7922029,T?nh Thái Nguyên,PhÆ°á» ng Quyáº¿t Tháº¯ng,2026-05-06-00,abcxy132479999.97jhjhdks080186488110.0
1780000000000.0,-102,-7.5,21.58475518,105.7922029,T?nh Thái Nguyên,PhÆ°á» ng Quyáº¿t Tháº¯ng,2026-05-06-00,abcxy132479999.97jhjhdks080186488110.0
1780000000000.0,-101,-9.0,21.58547401,105.7885337,T?nh Thái Nguyên,PhÆ°á» ng Quyáº¿t Tháº¯ng,2026-05-06-00,abcxy132479999.97jhjhdks080186488110.0
1780000000000.0,-101,-7.5,21.58470154,105.7921171,T?nh Thái Nguyên,PhÆ°á» ng Quyáº¿t Tháº¯ng,2026-05-06-00,abcxy132479999.97jhjhdks080186488110.0
1780000000000.0,-101,-9.0,21.58547401,105.7885337,T?nh Thái Nguyên,PhÆ°á» ng Quyáº¿t Tháº¯ng,2026-05-06-00,abcxy132479999.97jhjhdks080186488110.0
1780000000000.0,-102,-7.5,21.58470154,105.7921171,T?nh Thái Nguyên,PhÆ°á» ng Quyáº¿t Tháº¯ng,2026-05-06-00,abcxy132479999.97jhjhdks080186488110.0
1780000000000.0,-102,-5.5,21.58475518,105.7922029,T?nh Thái Nguyên,PhÆ°á» ng Quyáº¿t Tháº¯ng,2026-05-06-00,abcxy132479999.97jhjhdks080186488110.0
1780000000000.0,-98,-6.5,21.58547401,105.7885337,T?nh Thái Nguyên,PhÆ°á» ng Quyáº¿t Tháº¯ng,2026-05-06-00,abcxy132479999.97jhjhdks080186488110.0
1780000000000.0,-101,-7.5,21.58470154,105.7921171,T?nh Thái Nguyên,PhÆ°á» ng Quyáº¿t Tháº¯ng,2026-05-06-00,abcxy132479999.97jhjhdks080186488110.0
1780000000000.0,-103,-6.5,21.58465862,105.7920957,T?nh Thái Nguyên,PhÆ°á» ng Quyáº¿t Tháº¯ng,2026-05-06-00,abcxy132479999.97jhjhdks080186488110.0
1780000000000.0,-102,-8.0,21.58475518,105.7922029,T?nh Thái Nguyên,PhÆ°á» ng Quyáº¿t Tháº¯ng,2026-05-06-00,abcxy132479999.97jhjhdks080186488110.0
1780000000000.0,-102,-5.5,21.58475518,105.7922029,T?nh Thái Nguyên,PhÆ°á» ng Quyáº¿t Tháº¯ng,2026-05-06-00,abcxy132479999.97jhjhdks080186488110.0
1780000000000.0,-104,-6.5,21.58547401,105.7885337,T?nh Thái Nguyên,PhÆ°á» ng Quyáº¿t Tháº¯ng,2026-05-06-00,abcxy132479999.97jhjhdks080186488110.0
1780000000000.0,-102,-7.0,21.58475518,105.7922029,T?nh Thái Nguyên,PhÆ°á» ng Quyáº¿t Tháº¯ng,2026-05-06-00,abcxy132479999.97jhjhdks080186488110.0
1780000000000.0,-103,-6.5,21.58470154,105.7920957,T?nh Thái Nguyên,PhÆ°á» ng Quyáº¿t Tháº¯ng,2026-05-06-00,abcxy132479999.97jhjhdks080186488110.0
1780000000000.0,-101,-7.0,21.58547401,105.7885337,T?nh Thái Nguyên,PhÆ°á» ng Quyáº¿t Tháº¯ng,2026-05-06-00,abcxy132479999.97jhjhdks080186488110.0
1780000000000.0,-98,-5.0,21.58547401,105.7885337,T?nh Thái Nguyên,PhÆ°á» ng Quyáº¿t Tháº¯ng,2026-05-06-00,abcxy132479999.97jhjhdks080186488110.0
1780000000000.0,-102,-7.0,21.58547401,105.7885337,T?nh Thái Nguyên,PhÆ°á» ng Quyáº¿t Tháº¯ng,2026-05-06-00,abcxy132479999.97jhjhdks080186488110.0
1780000000000.0,-102,-7.5,21.58475518,105.7922029,T?nh Thái Nguyên,PhÆ°á» ng Quyáº¿t Tháº¯ng,2026-05-06-00,abcxy132479999.97jhjhdks080186488110.0
1780000000000.0,-102,-7.5,21.58547401,105.7885337,T?nh Thái Nguyên,PhÆ°á» ng Quyáº¿t Tháº¯ng,2026-05-06-00,abcxy132479999.97jhjhdks080186488110.0
1780000000000.0,-104,-5.0,21.58475518,105.7922029,T?nh Thái Nguyên,PhÆ°á» ng Quyáº¿t Tháº¯ng,2026-05-06-00,abcxy132479999.97jhjhdks080186488110.0
1780000000000.0,-102,-6.5,21.58470154,105.7920957,T?nh Thái Nguyên,PhÆ°á» ng Quyáº¿t Tháº¯ng,2026-05-06-00,abcxy132479999.97jhjhdks080186488110.0
1780000000000.0,-100,-7.5,21.58547401,105.7885337,T?nh Thái Nguyên,PhÆ°á» ng Quyáº¿t Tháº¯ng,2026-05-06-00,abcxy132479999.97jhjhdks080186488110.0
1780000000000.0,-102,-7.0,21.58547401,105.7885337,T?nh Thái Nguyên,PhÆ°á» ng Quyáº¿t Tháº¯ng,2026-05-06-00,abcxy132479999.97jhjhdks080186488110.0
1780000000000.0,-103,-6.0,21.584723,105.7922673,T?nh Thái Nguyên,PhÆ°á» ng Quyáº¿t Tháº¯ng,2026-05-06-00,abcxy132479999.97jhjhdks080186488110.0
1780000000000.0,-96,-7.0,21.58547401,105.7885337,T?nh Thái Nguyên,PhÆ°á» ng Quyáº¿t Tháº¯ng,2026-05-06-00,abcxy132479999.97jhjhdks080186488110.0
1780000000000.0,-100,-8.0,21.58547401,105.7885337,T?nh Thái Nguyên,PhÆ°á» ng Quyáº¿t Tháº¯ng,2026-05-06-00,abcxy132479999.97jhjhdks080186488110.0
1780000000000.0,-100,-8.0,21.58547401,105.7885337,T?nh Thái Nguyên,PhÆ°á» ng Quyáº¿t Tháº¯ng,2026-05-06-00,abcxy132479999.97jhjhdks080186488110.0
1780000000000.0,-98,-6.5,21.58547401,105.7885337,T?nh Thái Nguyên,PhÆ°á» ng Quyáº¿t Tháº¯ng,2026-05-06-00,abcxy132479999.97jhjhdks080186488110.0
1780000000000.0,-100,-8.0,21.58547401,105.7885337,T?nh Thái Nguyên,PhÆ°á» ng Quyáº¿t Tháº¯ng,2026-05-06-00,abcxy132479999.97jhjhdks080186488110.0
1780000000000.0,-103,-3.5,21.58470154,105.7920957,T?nh Thái Nguyên,PhÆ°á» ng Quyáº¿t Tháº¯ng,2026-05-06-00,abcxy132479999.97jhjhdks080186488110.0
1780000000000.0,-100,-7.0,21.58547401,105.7885337,T?nh Thái Nguyên,PhÆ°á» ng Quyáº¿t Tháº¯ng,2026-05-06-00,abcxy132479999.97jhjhdks080186488110.0
1780000000000.0,-102,-7.0,21.58475518,105.7922029,T?nh Thái Nguyên,PhÆ°á» ng Quyáº¿t Tháº¯ng,2026-05-06-00,abcxy132479999.97jhjhdks080186488110.0
1780000000000.0,-102,-6.5,21.58470154,105.7921171,T?nh Thái Nguyên,PhÆ°á» ng Quyáº¿t Tháº¯ng,2026-05-06-00,abcxy132479999.97jhjhdks080186488110.0
1780000000000.0,-102,-6.5,21.58475518,105.7922029,T?nh Thái Nguyên,PhÆ°á» ng Quyáº¿t Tháº¯ng,2026-05-06-00,abcxy132479999.97jhjhdks080186488110.0
1780000000000.0,-103,-7.5,21.58547401,105.7885337,T?nh Thái Nguyên,PhÆ°á» ng Quyáº¿t Tháº¯ng,2026-05-06-00,abcxy132479999.97jhjhdks080186488110.0
1780000000000.0,-104,-6.0,21.58475518,105.7922029,T?nh Thái Nguyên,PhÆ°á» ng Quyáº¿t Tháº¯ng,2026-05-06-00,abcxy132479999.97jhjhdks080186488110.0
1780000000000.0,-102,-4.0,21.58470154,105.7920957,T?nh Thái Nguyên,PhÆ°á» ng Quyáº¿t Tháº¯ng,2026-05-06-00,abcxy132479999.97jhjhdks080186488110.0
1780000000000.0,-98,-6.5,21.58547401,105.7885337,T?nh Thái Nguyên,PhÆ°á» ng Quyáº¿t Tháº¯ng,2026-05-06-00,abcxy132479999.97jhjhdks080186488110.0
1780000000000.0,-103,-5.0,21.58475518,105.7922029,T?nh Thái Nguyên,PhÆ°á» ng Quyáº¿t Tháº¯ng,2026-05-06-00,abcxy132479999.97jhjhdks080186488110.0
1780000000000.0,-101,-5.5,21.58470154,105.7921171,T?nh Thái Nguyên,PhÆ°á» ng Quyáº¿t Tháº¯ng,2026-05-06-00,abcxy132479999.97jhjhdks080186488110.0
1780000000000.0,-98,-7.5,21.58547401,105.7885337,T?nh Thái Nguyên,PhÆ°á» ng Quyáº¿t Tháº¯ng,2026-05-06-00,abcxy132479999.97jhjhdks080186488110.0
1780000000000.0,-102,-4.5,21.58475518,105.7922029,T?nh Thái Nguyên,PhÆ°á» ng Quyáº¿t Tháº¯ng,2026-05-06-00,abcxy132479999.97jhjhdks080186488110.0
1780000000000.0,-102,-7.5,21.58475518,105.7922029,T?nh Thái Nguyên,PhÆ°á» ng Quyáº¿t Tháº¯ng,2026-05-06-00,abcxy132479999.97jhjhdks080186488110.0
1780000000000.0,-97,-7.5,21.58547401,105.7885337,T?nh Thái Nguyên,PhÆ°á» ng Quyáº¿t Tháº¯ng,2026-05-06-00,abcxy132479999.97jhjhdks080186488110.0
1780000000000.0,-97,-7.0,21.58547401,105.7885337,T?nh Thái Nguyên,PhÆ°á» ng Quyáº¿t Tháº¯ng,2026-05-06-00,abcxy132479999.97jhjhdks080186488110.0
1780000000000.0,-104,-8.5,21.58470154,105.7920957,T?nh Thái Nguyên,PhÆ°á» ng Quyáº¿t Tháº¯ng,2026-05-06-00,abcxy132479999.97jhjhdks080186488110.0
1780000000000.0,-102,-5.5,21.58470154,105.7920957,T?nh Thái Nguyên,PhÆ°á» ng Quyáº¿t Tháº¯ng,2026-05-06-00,abcxy132479999.97jhjhdks080186488110.0
1780000000000.0,-102,-7.0,21.58475518,105.7922029,T?nh Thái Nguyên,PhÆ°á» ng Quyáº¿t Tháº¯ng,2026-05-06-00,abcxy132479999.97jhjhdks080186488110.0
1780000000000.0,-103,-8.0,21.58475518,105.7922029,T?nh Thái Nguyên,PhÆ°á» ng Quyáº¿t Tháº¯ng,2026-05-06-00,abcxy132479999.97jhjhdks080186488110.0
1780000000000.0,-104,-4.5,21.58475518,105.7922029,T?nh Thái Nguyên,PhÆ°á» ng Quyáº¿t Tháº¯ng,2026-05-06-00,abcxy132479999.97jhjhdks080186488110.0
1780000000000.0,-102,-4.0,21.58475518,105.7922029,T?nh Thái Nguyên,PhÆ°á» ng Quyáº¿t Tháº¯ng,2026-05-06-00,abcxy132479999.97jhjhdks080186488110.0
1780000000000.0,-98,-6.5,21.58547401,105.7885337,T?nh Thái Nguyên,PhÆ°á» ng Quyáº¿t Tháº¯ng,2026-05-06-00,abcxy132479999.97jhjhdks080186488110.0
1780000000000.0,-99,-5.5,21.58547401,105.7885337,T?nh Thái Nguyên,PhÆ°á» ng Quyáº¿t Tháº¯ng,2026-05-06-00,abcxy132479999.97jhjhdks080186488110.0
1780000000000.0,-100,-7.5,21.58547401,105.7885337,T?nh Thái Nguyên,PhÆ°á» ng Quyáº¿t Tháº¯ng,2026-05-06-00,abcxy132479999.97jhjhdks080186488110.0
1780000000000.0,-103,-6.5,21.58466935,105.7920957,T?nh Thái Nguyên,PhÆ°á» ng Quyáº¿t Tháº¯ng,2026-05-06-00,abcxy132479999.97jhjhdks080186488110.0
1780000000000.0,-104,-7.5,21.584723,105.7922673,T?nh Thái Nguyên,PhÆ°á» ng Quyáº¿t Tháº¯ng,2026-05-06-00,abcxy132479999.97jhjhdks080186488110.0
1780000000000.0,-113,-11.0,21.58934712,105.7979107,T?nh Thái Nguyên,PhÆ°á» ng Quyáº¿t Tháº¯ng,2026-05-06-00,abcxy132480009.74jhjhdks080186488130.0
1780000000000.0,-113,-8.0,21.59013033,105.7933402,T?nh Thái Nguyên,PhÆ°á» ng Quyáº¿t Tháº¯ng,2026-05-06-00,abcxy132480009.74jhjhdks080186488130.0
1780000000000.0,-106,-9.0,21.59472227,105.7944989,T?nh Thái Nguyên,PhÆ°á» ng Quyáº¿t Tháº¯ng,2026-05-06-00,abcxy132480009.74jhjhdks080186488130.0
1780000000000.0,-103,-7.0,21.59472227,105.7944989,T?nh Thái Nguyên,PhÆ°á» ng Quyáº¿t Tháº¯ng,2026-05-06-00,abcxy132480009.74jhjhdks080186488130.0
1780000000000.0,-102,-8.0,21.59472227,105.7944989,T?nh Thái Nguyên,PhÆ°á» ng Quyáº¿t Tháº¯ng,2026-05-06-00,abcxy132480009.74jhjhdks080186488130.0
1780000000000.0,-90,-8.5,21.58841372,105.8250976,T?nh Thái Nguyên,PhÆ°á» ng Phan Ä Ã¬nh PhÃ¹ng,2026-05-06-00,abcxy132484507.74jhjhdks080186494460.0
1780000000000.0,-95,-7.5,21.58842444,105.8250976,T?nh Thái Nguyên,PhÆ°á» ng Phan Ä Ã¬nh PhÃ¹ng,2026-05-06-00,abcxy132484507.74jhjhdks080186494460.0
1780000000000.0,-88,-8.0,21.58834934,105.825119,T?nh Thái Nguyên,PhÆ°á» ng Phan Ä Ã¬nh PhÃ¹ng,2026-05-06-00,abcxy132484507.74jhjhdks080186494460.0
1780000000000.0,-95,-9.5,21.58842444,105.8250976,T?nh Thái Nguyên,PhÆ°á» ng Phan Ä Ã¬nh PhÃ¹ng,2026-05-06-00,abcxy132484507.74jhjhdks080186494460.0
1780000000000.0,-101,-12.5,21.55137777,105.8452892,T?nh Thái Nguyên,PhÆ°á» ng TÃ­ch LÆ°Æ¡ng,2026-05-06-00,abcxy132486757.22jhjhdks080186497630.0
1780000000000.0,-103,-10.0,21.55188203,105.8446026,T?nh Thái Nguyên,PhÆ°á» ng TÃ­ch LÆ°Æ¡ng,2026-05-06-00,abcxy132486757.22jhjhdks080186497630.0
1780000000000.0,-103,-10.0,21.5517211,105.8446026,T?nh Thái Nguyên,PhÆ°á» ng TÃ­ch LÆ°Æ¡ng,2026-05-06-00,abcxy132486757.22jhjhdks080186497630.0
1780000000000.0,-101,-9.0,21.55135632,105.8453107,T?nh Thái Nguyên,PhÆ°á» ng TÃ­ch LÆ°Æ¡ng,2026-05-06-00,abcxy132486757.22jhjhdks080186497630.0
1780000000000.0,-103,-10.5,21.5517211,105.8446026,T?nh Thái Nguyên,PhÆ°á» ng TÃ­ch LÆ°Æ¡ng,2026-05-06-00,abcxy132486757.22jhjhdks080186497630.0
1780000000000.0,-103,-11.0,21.55188203,105.8446026,T?nh Thái Nguyên,PhÆ°á» ng TÃ­ch LÆ°Æ¡ng,2026-05-06-00,abcxy132486757.22jhjhdks080186497630.0
1780000000000.0,-103,-13.5,21.55184984,105.8446026,T?nh Thái Nguyên,PhÆ°á» ng TÃ­ch LÆ°Æ¡ng,2026-05-06-00,abcxy132486758.2jhjhdks080186497630.0
1780000000000.0,-89,-9.0,21.59726501,105.8191323,T?nh Thái Nguyên,PhÆ°á» ng Phan Ä Ã¬nh PhÃ¹ng,2026-05-06-00,abcxy132487487.53jhjhdks080186498650.0
1780000000000.0,-97,-15.0,21.60023689,105.8192396,T?nh Thái Nguyên,PhÆ°á» ng Phan Ä Ã¬nh PhÃ¹ng,2026-05-06-00,abcxy132487487.53jhjhdks080186498650.0
1780000000000.0,-87,-8.0,21.59642816,105.8184457,T?nh Thái Nguyên,PhÆ°á» ng Phan Ä Ã¬nh PhÃ¹ng,2026-05-06-00,abcxy132487487.53jhjhdks080186498650.0
1780000000000.0,-89,-11.0,21.59666419,105.8186388,T?nh Thái Nguyên,PhÆ°á» ng Phan Ä Ã¬nh PhÃ¹ng,2026-05-06-00,abcxy132487487.53jhjhdks080186498650.0
1780000000000.0,-96,-9.5,21.59666419,105.8186388,T?nh Thái Nguyên,PhÆ°á» ng Phan Ä Ã¬nh PhÃ¹ng,2026-05-06-00,abcxy132487487.53jhjhdks080186498650.0
1780000000000.0,-89,-11.5,21.59662127,105.8175659,T?nh Thái Nguyên,PhÆ°á» ng Phan Ä Ã¬nh PhÃ¹ng,2026-05-06-00,abcxy132487487.53jhjhdks080186498650.0
1780000000000.0,-89,-9.0,21.59829497,105.8178878,T?nh Thái Nguyên,PhÆ°á» ng Phan Ä Ã¬nh PhÃ¹ng,2026-05-06-00,abcxy132487487.53jhjhdks080186498650.0
1780000000000.0,-89,-8.0,21.59894943,105.8172441,T?nh Thái Nguyên,PhÆ°á» ng Phan Ä Ã¬nh PhÃ¹ng,2026-05-06-00,abcxy132487487.53jhjhdks080186498650.0
1780000000000.0,-89,-8.5,21.59894943,105.8172441,T?nh Thái Nguyên,PhÆ°á» ng Phan Ä Ã¬nh PhÃ¹ng,2026-05-06-00,abcxy132487487.53jhjhdks080186498650.0
1780000000000.0,-84,-16.5,21.59926057,105.8171368,T?nh Thái Nguyên,PhÆ°á» ng Phan Ä Ã¬nh PhÃ¹ng,2026-05-06-00,abcxy132487487.53jhjhdks080186498650.0
1780000000000.0,-99,-14.0,21.59875631,105.8188748,T?nh Thái Nguyên,PhÆ°á» ng Phan Ä Ã¬nh PhÃ¹ng,2026-05-06-00,abcxy132487487.53jhjhdks080186498650.0
1780000000000.0,-93,-14.5,21.59936786,105.8177376,T?nh Thái Nguyên,PhÆ°á» ng Phan Ä Ã¬nh PhÃ¹ng,2026-05-06-00,abcxy132487487.53jhjhdks080186498650.0
1780000000000.0,-89,-9.5,21.59642816,105.8184457,T?nh Thái Nguyên,PhÆ°á» ng Phan Ä Ã¬nh PhÃ¹ng,2026-05-06-00,abcxy132487487.53jhjhdks080186498650.0
1780000000000.0,-90,-12.5,21.59743667,105.8191109,T?nh Thái Nguyên,PhÆ°á» ng Phan Ä Ã¬nh PhÃ¹ng,2026-05-06-00,abcxy132487487.53jhjhdks080186498650.0
1780000000000.0,-88,-9.0,21.59642816,105.8184457,T?nh Thái Nguyên,PhÆ°á» ng Phan Ä Ã¬nh PhÃ¹ng,2026-05-06-00,abcxy132487487.53jhjhdks080186498650.0
1780000000000.0,-99,-8.5,21.59867048,105.8165359,T?nh Thái Nguyên,PhÆ°á» ng Phan Ä Ã¬nh PhÃ¹ng,2026-05-06-00,abcxy132487487.53jhjhdks080186498650.0
1780000000000.0,-95,-8.0,21.59809113,105.8182096,T?nh Thái Nguyên,PhÆ°á» ng Phan Ä Ã¬nh PhÃ¹ng,2026-05-06-00,abcxy132487487.53jhjhdks080186498650.0
1780000000000.0,-88,-7.5,21.59766197,105.8188748,T?nh Thái Nguyên,PhÆ°á» ng Phan Ä Ã¬nh PhÃ¹ng,2026-05-06-00,abcxy132487487.53jhjhdks080186498650.0
1780000000000.0,-89,-8.5,21.5991962,105.8167076,T?nh Thái Nguyên,PhÆ°á» ng Phan Ä Ã¬nh PhÃ¹ng,2026-05-06-00,abcxy132487487.53jhjhdks080186498650.0
1780000000000.0,-89,-8.5,21.59642816,105.8184457,T?nh Thái Nguyên,PhÆ°á» ng Phan Ä Ã¬nh PhÃ¹ng,2026-05-06-00,abcxy132487487.53jhjhdks080186498650.0
1780000000000.0,-88,-7.5,21.59726501,105.8191323,T?nh Thái Nguyên,PhÆ°á» ng Phan Ä Ã¬nh PhÃ¹ng,2026-05-06-00,abcxy132487487.53jhjhdks080186498650.0
1780000000000.0,-91,-9.0,21.59643888,105.8184457,T?nh Thái Nguyên,PhÆ°á» ng Phan Ä Ã¬nh PhÃ¹ng,2026-05-06-00,abcxy132487487.53jhjhdks080186498650.0
1780000000000.0,-87,-13.5,21.59662127,105.8175659,T?nh Thái Nguyên,PhÆ°á» ng Phan Ä Ã¬nh PhÃ¹ng,2026-05-06-00,abcxy132487487.53jhjhdks080186498650.0
1780000000000.0,-99,-9.5,21.59745812,105.819025,T?nh Thái Nguyên,PhÆ°á» ng Phan Ä Ã¬nh PhÃ¹ng,2026-05-06-00,abcxy132487487.53jhjhdks080186498650.0
1780000000000.0,-90,-14.5,21.59897089,105.8156347,T?nh Thái Nguyên,PhÆ°á» ng Phan Ä Ã¬nh PhÃ¹ng,2026-05-06-00,abcxy132487487.53jhjhdks080186498650.0
1780000000000.0,-89,-9.0,21.59707189,105.8188319,T?nh Thái Nguyên,PhÆ°á» ng Phan Ä Ã¬nh PhÃ¹ng,2026-05-06-00,abcxy132487487.53jhjhdks080186498650.0
1780000000000.0,-97,-11.0,21.59809113,105.8182096,T?nh Thái Nguyên,PhÆ°á» ng Phan Ä Ã¬nh PhÃ¹ng,2026-05-06-00,abcxy132487487.53jhjhdks080186498650.0
1780000000000.0,-98,-9.0,21.59745812,105.819025,T?nh Thái Nguyên,PhÆ°á» ng Phan Ä Ã¬nh PhÃ¹ng,2026-05-06-00,abcxy132487487.53jhjhdks080186498650.0
1780000000000.0,-89,-8.5,21.59642816,105.8184457,T?nh Thái Nguyên,PhÆ°á» ng Phan Ä Ã¬nh PhÃ¹ng,2026-05-06-00,abcxy132487487.53jhjhdks080186498650.0
1780000000000.0,-89,-11.5,21.596632,105.8174157,T?nh Thái Nguyên,PhÆ°á» ng Phan Ä Ã¬nh PhÃ¹ng,2026-05-06-00,abcxy132487487.53jhjhdks080186498650.0
1780000000000.0,-89,-14.5,21.59806967,105.8182096,T?nh Thái Nguyên,PhÆ°á» ng Phan Ä Ã¬nh PhÃ¹ng,2026-05-06-00,abcxy132487487.53jhjhdks080186498650.0
1780000000000.0,-89,-9.5,21.59642816,105.8184457,T?nh Thái Nguyên,PhÆ°á» ng Phan Ä Ã¬nh PhÃ¹ng,2026-05-06-00,abcxy132487487.53jhjhdks080186498650.0
1780000000000.0,-90,-14.0,21.59960389,105.8186173,T?nh Thái Nguyên,PhÆ°á» ng Phan Ä Ã¬nh PhÃ¹ng,2026-05-06-00,abcxy132487487.53jhjhdks080186498650.0
1780000000000.0,-84,-9.5,21.59897089,105.8156347,T?nh Thái Nguyên,PhÆ°á» ng Phan Ä Ã¬nh PhÃ¹ng,2026-05-06-00,abcxy132487487.53jhjhdks080186498650.0
1780000000000.0,-87,-8.5,21.59642816,105.8184457,T?nh Thái Nguyên,PhÆ°á» ng Phan Ä Ã¬nh PhÃ¹ng,2026-05-06-00,abcxy132487487.53jhjhdks080186498650.0
1780000000000.0,-93,-9.0,21.59874558,105.8173084,T?nh Thái Nguyên,PhÆ°á» ng Phan Ä Ã¬nh PhÃ¹ng,2026-05-06-00,abcxy132487487.53jhjhdks080186498650.0
1780000000000.0,-88,-9.0,21.59642816,105.8184457,T?nh Thái Nguyên,PhÆ°á» ng Phan Ä Ã¬nh PhÃ¹ng,2026-05-06-00,abcxy132487487.53jhjhdks080186498650.0
1780000000000.0,-92,-10.5,21.59643888,105.8184457,T?nh Thái Nguyên,PhÆ°á» ng Phan Ä Ã¬nh PhÃ¹ng,2026-05-06-00,abcxy132487487.53jhjhdks080186498650.0
1780000000000.0,-82,-8.5,21.5991962,105.8166862,T?nh Thái Nguyên,PhÆ°á» ng Phan Ä Ã¬nh PhÃ¹ng,2026-05-06-00,abcxy132487487.53jhjhdks080186498650.0
1780000000000.0,-91,-10.0,21.59642816,105.8184457,T?nh Thái Nguyên,PhÆ°á» ng Phan Ä Ã¬nh PhÃ¹ng,2026-05-06-00,abcxy132487487.53jhjhdks080186498650.0
1780000000000.0,-89,-8.5,21.59642816,105.8184457,T?nh Thái Nguyên,PhÆ°á» ng Phan Ä Ã¬nh PhÃ¹ng,2026-05-06-00,abcxy132487487.53jhjhdks080186498650.0
1780000000000.0,-91,-9.0,21.59642816,105.8184457,T?nh Thái Nguyên,PhÆ°á» ng Phan Ä Ã¬nh PhÃ¹ng,2026-05-06-00,abcxy132487487.53jhjhdks080186498650.0
1780000000000.0,-89,-11.0,21.59642816,105.8184457,T?nh Thái Nguyên,PhÆ°á» ng Phan Ä Ã¬nh PhÃ¹ng,2026-05-06-00,abcxy132487487.53jhjhdks080186498650.0
1780000000000.0,-98,-8.5,21.59745812,105.819025,T?nh Thái Nguyên,PhÆ°á» ng Phan Ä Ã¬nh PhÃ¹ng,2026-05-06-00,abcxy132487487.53jhjhdks080186498650.0
1780000000000.0,-90,-9.0,21.59829497,105.8179092,T?nh Thái Nguyên,PhÆ°á» ng Phan Ä Ã¬nh PhÃ¹ng,2026-05-06-00,abcxy132487487.53jhjhdks080186498650.0
1780000000000.0,-96,-9.5,21.59707189,105.8188319,T?nh Thái Nguyên,PhÆ°á» ng Phan Ä Ã¬nh PhÃ¹ng,2026-05-06-00,abcxy132487487.53jhjhdks080186498650.0
1780000000000.0,-96,-9.5,21.59628868,105.8183384,T?nh Thái Nguyên,PhÆ°á» ng Phan Ä Ã¬nh PhÃ¹ng,2026-05-06-00,abcxy132487488.5jhjhdks080186498660.0
1780000000000.0,-96,-13.5,21.59627795,105.8183169,T?nh Thái Nguyên,PhÆ°á» ng Phan Ä Ã¬nh PhÃ¹ng,2026-05-06-00,abcxy132487488.5jhjhdks080186498660.0
1780000000000.0,-88,-15.0,21.59629941,105.8183384,T?nh Thái Nguyên,PhÆ°á» ng Phan Ä Ã¬nh PhÃ¹ng,2026-05-06-00,abcxy132487488.5jhjhdks080186498660.0
1780000000000.0,-96,-11.0,21.59632087,105.8182955,T?nh Thái Nguyên,PhÆ°á» ng Phan Ä Ã¬nh PhÃ¹ng,2026-05-06-00,abcxy132487488.5jhjhdks080186498660.0
1780000000000.0,-99,-10.5,21.59627795,105.8183169,T?nh Thái Nguyên,PhÆ°á» ng Phan Ä Ã¬nh PhÃ¹ng,2026-05-06-00,abcxy132487488.5jhjhdks080186498660.0
1780000000000.0,-97,-9.5,21.59632087,105.8182955,T?nh Thái Nguyên,PhÆ°á» ng Phan Ä Ã¬nh PhÃ¹ng,2026-05-06-00,abcxy132487488.5jhjhdks080186498660.0
1780000000000.0,-95,-10.5,21.59627795,105.8183169,T?nh Thái Nguyên,PhÆ°á» ng Phan Ä Ã¬nh PhÃ¹ng,2026-05-06-00,abcxy132487488.5jhjhdks080186498660.0
1780000000000.0,-95,-10.0,21.59628868,105.8183384,T?nh Thái Nguyên,PhÆ°á» ng Phan Ä Ã¬nh PhÃ¹ng,2026-05-06-00,abcxy132487488.5jhjhdks080186498660.0
1780000000000.0,-94,-15.0,21.59627795,105.8183169,T?nh Thái Nguyên,PhÆ°á» ng Phan Ä Ã¬nh PhÃ¹ng,2026-05-06-00,abcxy132487488.5jhjhdks080186498660.0
1780000000000.0,-95,-15.5,21.59627795,105.8183169,T?nh Thái Nguyên,PhÆ°á» ng Phan Ä Ã¬nh PhÃ¹ng,2026-05-06-00,abcxy132487488.5jhjhdks080186498660.0
1780000000000.0,-95,-11.0,21.59627795,105.8183169,T?nh Thái Nguyên,PhÆ°á» ng Phan Ä Ã¬nh PhÃ¹ng,2026-05-06-00,abcxy132487488.5jhjhdks080186498660.0
1780000000000.0,-99,-13.0,21.59875631,105.8174586,T?nh Thái Nguyên,PhÆ°á» ng Phan Ä Ã¬nh PhÃ¹ng,2026-05-06-00,abcxy132487488.5jhjhdks080186498660.0
1780000000000.0,-105,-8.0,21.59791946,105.8191109,T?nh Thái Nguyên,PhÆ°á» ng Phan Ä Ã¬nh PhÃ¹ng,2026-05-06-00,abcxy132487488.5jhjhdks080186498660.0
1780000000000.0,-94,-10.5,21.59627795,105.8183169,T?nh Thái Nguyên,PhÆ°á» ng Phan Ä Ã¬nh PhÃ¹ng,2026-05-06-00,abcxy132487488.5jhjhdks080186498660.0
1780000000000.0,-97,-13.0,21.59627795,105.8183169,T?nh Thái Nguyên,PhÆ°á» ng Phan Ä Ã¬nh PhÃ¹ng,2026-05-06-00,abcxy132487488.5jhjhdks080186498660.0
1780000000000.0,-93,-7.0,21.59497976,105.817287,T?nh Thái Nguyên,PhÆ°á» ng Phan Ä Ã¬nh PhÃ¹ng,2026-05-06-00,abcxy132487497.29jhjhdks080186498670.0
1780000000000.0,-95,-9.5,21.59495831,105.8172655,T?nh Thái Nguyên,PhÆ°á» ng Phan Ä Ã¬nh PhÃ¹ng,2026-05-06-00,abcxy132487497.29jhjhdks080186498670.0
1780000000000.0,-93,-8.0,21.59497976,105.817287,T?nh Thái Nguyên,PhÆ°á» ng Phan Ä Ã¬nh PhÃ¹ng,2026-05-06-00,abcxy132487497.29jhjhdks080186498670.0
1780000000000.0,-94,-10.0,21.59494758,105.8172655,T?nh Thái Nguyên,PhÆ°á» ng Phan Ä Ã¬nh PhÃ¹ng,2026-05-06-00,abcxy132487497.29jhjhdks080186498670.0
1780000000000.0,-70,-6.0,21.59415364,105.8184457,T?nh Thái Nguyên,PhÆ°á» ng Phan Ä Ã¬nh PhÃ¹ng,2026-05-06-00,abcxy132487497.29jhjhdks080186498670.0
1780000000000.0,-94,-7.5,21.59497976,105.817287,T?nh Thái Nguyên,PhÆ°á» ng Phan Ä Ã¬nh PhÃ¹ng,2026-05-06-00,abcxy132487497.29jhjhdks080186498670.0
1780000000000.0,-94,-8.0,21.59494758,105.8172655,T?nh Thái Nguyên,PhÆ°á» ng Phan Ä Ã¬nh PhÃ¹ng,2026-05-06-00,abcxy132487497.29jhjhdks080186498670.0
1780000000000.0,-103,-14.5,21.59364939,105.8211279,T?nh Thái Nguyên,PhÆ°á» ng Phan Ä Ã¬nh PhÃ¹ng,2026-05-06-00,abcxy132487497.29jhjhdks080186498670.0
1780000000000.0,-94,-10.5,21.59497976,105.817287,T?nh Thái Nguyên,PhÆ°á» ng Phan Ä Ã¬nh PhÃ¹ng,2026-05-06-00,abcxy132487497.29jhjhdks080186498670.0
1780000000000.0,-94,-7.5,21.59497976,105.817287,T?nh Thái Nguyên,PhÆ°á» ng Phan Ä Ã¬nh PhÃ¹ng,2026-05-06-00,abcxy132487497.29jhjhdks080186498670.0
1780000000000.0,-81,-9.0,21.59264088,105.8194757,T?nh Thái Nguyên,PhÆ°á» ng Phan Ä Ã¬nh PhÃ¹ng,2026-05-06-00,abcxy132487497.29jhjhdks080186498670.0
1780000000000.0,-94,-8.0,21.59494758,105.8172655,T?nh Thái Nguyên,PhÆ°á» ng Phan Ä Ã¬nh PhÃ¹ng,2026-05-06-00,abcxy132487497.29jhjhdks080186498670.0
1780000000000.0,-104,-11.0,21.59364939,105.8211279,T?nh Thái Nguyên,PhÆ°á» ng Phan Ä Ã¬nh PhÃ¹ng,2026-05-06-00,abcxy132487497.29jhjhdks080186498670.0
1780000000000.0,-94,-9.5,21.59497976,105.817287,T?nh Thái Nguyên,PhÆ°á» ng Phan Ä Ã¬nh PhÃ¹ng,2026-05-06-00,abcxy132487497.29jhjhdks080186498670.0
1780000000000.0,-95,-8.0,21.59497976,105.817287,T?nh Thái Nguyên,PhÆ°á» ng Phan Ä Ã¬nh PhÃ¹ng,2026-05-06-00,abcxy132487497.29jhjhdks080186498670.0
1780000000000.0,-94,-8.0,21.59497976,105.817287,T?nh Thái Nguyên,PhÆ°á» ng Phan Ä Ã¬nh PhÃ¹ng,2026-05-06-00,abcxy132487497.29jhjhdks080186498670.0
1780000000000.0,-94,-9.5,21.59494758,105.8172655,T?nh Thái Nguyên,PhÆ°á» ng Phan Ä Ã¬nh PhÃ¹ng,2026-05-06-00,abcxy132487497.29jhjhdks080186498670.0
1780000000000.0,-75,-10.0,21.59117103,105.8204842,T?nh Thái Nguyên,PhÆ°á» ng Phan Ä Ã¬nh PhÃ¹ng,2026-05-06-00,abcxy132487497.29jhjhdks080186498670.0
1780000000000.0,-79,-10.0,21.59455061,105.8181238,T?nh Thái Nguyên,PhÆ°á» ng Phan Ä Ã¬nh PhÃ¹ng,2026-05-06-00,abcxy132487497.29jhjhdks080186498670.0
1780000000000.0,-91,-16.0,21.58794165,105.8158278,T?nh Thái Nguyên,PhÆ°á» ng Phan Ä Ã¬nh PhÃ¹ng,2026-05-06-00,abcxy132487497.29jhjhdks080186498670.0
1780000000000.0,-78,-8.5,21.59117103,105.8204842,T?nh Thái Nguyên,PhÆ°á» ng Phan Ä Ã¬nh PhÃ¹ng,2026-05-06-00,abcxy132487497.29jhjhdks080186498670.0
1780000000000.0,-94,-8.5,21.59497976,105.817287,T?nh Thái Nguyên,PhÆ°á» ng Phan Ä Ã¬nh PhÃ¹ng,2026-05-06-00,abcxy132487497.29jhjhdks080186498670.0
1780000000000.0,-95,-8.5,21.59497976,105.817287,T?nh Thái Nguyên,PhÆ°á» ng Phan Ä Ã¬nh PhÃ¹ng,2026-05-06-00,abcxy132487497.29jhjhdks080186498670.0
1780000000000.0,-94,-9.0,21.59497976,105.817287,T?nh Thái Nguyên,PhÆ°á» ng Phan Ä Ã¬nh PhÃ¹ng,2026-05-06-00,abcxy132487497.29jhjhdks080186498670.0
1780000000000.0,-95,-9.5,21.59495831,105.8172655,T?nh Thái Nguyên,PhÆ°á» ng Phan Ä Ã¬nh PhÃ¹ng,2026-05-06-00,abcxy132487497.29jhjhdks080186498670.0
1780000000000.0,-92,-9.0,21.59497976,105.817287,T?nh Thái Nguyên,PhÆ°á» ng Phan Ä Ã¬nh PhÃ¹ng,2026-05-06-00,abcxy132487497.29jhjhdks080186498670.0
1780000000000.0,-84,-8.0,21.59492612,105.8179307,T?nh Thái Nguyên,PhÆ°á» ng Phan Ä Ã¬nh PhÃ¹ng,2026-05-06-00,abcxy132487497.29jhjhdks080186498670.0
1780000000000.0,-82,-12.0,21.5925765,105.8195186,T?nh Thái Nguyên,PhÆ°á» ng Phan Ä Ã¬nh PhÃ¹ng,2026-05-06-00,abcxy132487497.29jhjhdks080186498670.0
1780000000000.0,-100,-11.5,21.59364939,105.8211279,T?nh Thái Nguyên,PhÆ°á» ng Phan Ä Ã¬nh PhÃ¹ng,2026-05-06-00,abcxy132487497.29jhjhdks080186498670.0
1780000000000.0,-94,-8.0,21.59497976,105.817287,T?nh Thái Nguyên,PhÆ°á» ng Phan Ä Ã¬nh PhÃ¹ng,2026-05-06-00,abcxy132487497.29jhjhdks080186498670.0
1780000000000.0,-94,-8.5,21.59497976,105.817287,T?nh Thái Nguyên,PhÆ°á» ng Phan Ä Ã¬nh PhÃ¹ng,2026-05-06-00,abcxy132487497.29jhjhdks080186498670.0
1780000000000.0,-80,-11.0,21.59564495,105.8173513,T?nh Thái Nguyên,PhÆ°á» ng Phan Ä Ã¬nh PhÃ¹ng,2026-05-06-00,abcxy132487497.29jhjhdks080186498670.0
1780000000000.0,-75,-7.5,21.59265161,105.8194757,T?nh Thái Nguyên,PhÆ°á» ng Phan Ä Ã¬nh PhÃ¹ng,2026-05-06-00,abcxy132487497.29jhjhdks080186498670.0
1780000000000.0,-94,-7.5,21.59497976,105.817287,T?nh Thái Nguyên,PhÆ°á» ng Phan Ä Ã¬nh PhÃ¹ng,2026-05-06-00,abcxy132487497.29jhjhdks080186498670.0
1780000000000.0,-93,-8.0,21.59497976,105.817287,T?nh Thái Nguyên,PhÆ°á» ng Phan Ä Ã¬nh PhÃ¹ng,2026-05-06-00,abcxy132487497.29jhjhdks080186498670.0
1780000000000.0,-94,-8.0,21.59497976,105.817287,T?nh Thái Nguyên,PhÆ°á» ng Phan Ä Ã¬nh PhÃ¹ng,2026-05-06-00,abcxy132487497.29jhjhdks080186498670.0
1780000000000.0,-94,-8.0,21.59495831,105.8172655,T?nh Thái Nguyên,PhÆ°á» ng Phan Ä Ã¬nh PhÃ¹ng,2026-05-06-00,abcxy132487497.29jhjhdks080186498670.0
1780000000000.0,-84,-8.0,21.59415364,105.8184457,T?nh Thái Nguyên,PhÆ°á» ng Phan Ä Ã¬nh PhÃ¹ng,2026-05-06-00,abcxy132487497.29jhjhdks080186498670.0
1780000000000.0,-103,-11.5,21.59538746,105.8200121,T?nh Thái Nguyên,PhÆ°á» ng Phan Ä Ã¬nh PhÃ¹ng,2026-05-06-00,abcxy132487497.29jhjhdks080186498670.0
1780000000000.0,-94,-10.0,21.59497976,105.817287,T?nh Thái Nguyên,PhÆ°á» ng Phan Ä Ã¬nh PhÃ¹ng,2026-05-06-00,abcxy132487497.29jhjhdks080186498670.0
1780000000000.0,-83,-7.5,21.59507632,105.8174586,T?nh Thái Nguyên,PhÆ°á» ng Phan Ä Ã¬nh PhÃ¹ng,2026-05-06-00,abcxy132487497.29jhjhdks080186498670.0
1780000000000.0,-91,-8.5,21.59497976,105.817287,T?nh Thái Nguyên,PhÆ°á» ng Phan Ä Ã¬nh PhÃ¹ng,2026-05-06-00,abcxy132487497.29jhjhdks080186498670.0
1780000000000.0,-94,-10.0,21.59494758,105.8172441,T?nh Thái Nguyên,PhÆ°á» ng Phan Ä Ã¬nh PhÃ¹ng,2026-05-06-00,abcxy132487497.29jhjhdks080186498670.0
1780000000000.0,-93,-8.5,21.59507632,105.8174586,T?nh Thái Nguyên,PhÆ°á» ng Phan Ä Ã¬nh PhÃ¹ng,2026-05-06-00,abcxy132487497.29jhjhdks080186498670.0
1780000000000.0,-93,-8.0,21.59495831,105.8172655,T?nh Thái Nguyên,PhÆ°á» ng Phan Ä Ã¬nh PhÃ¹ng,2026-05-06-00,abcxy132487497.29jhjhdks080186498670.0
1780000000000.0,-94,-7.5,21.59497976,105.817287,T?nh Thái Nguyên,PhÆ°á» ng Phan Ä Ã¬nh PhÃ¹ng,2026-05-06-00,abcxy132487497.29jhjhdks080186498670.0
1780000000000.0,-94,-7.5,21.59497976,105.817287,T?nh Thái Nguyên,PhÆ°á» ng Phan Ä Ã¬nh PhÃ¹ng,2026-05-06-00,abcxy132487497.29jhjhdks080186498670.0
1780000000000.0,-92,-6.5,21.59497976,105.817287,T?nh Thái Nguyên,PhÆ°á» ng Phan Ä Ã¬nh PhÃ¹ng,2026-05-06-00,abcxy132487497.29jhjhdks080186498670.0
1780000000000.0,-90,-16.0,21.59564495,105.8173513,T?nh Thái Nguyên,PhÆ°á» ng Phan Ä Ã¬nh PhÃ¹ng,2026-05-06-00,abcxy132487497.29jhjhdks080186498670.0
1780000000000.0,-93,-8.5,21.59497976,105.817287,T?nh Thái Nguyên,PhÆ°á» ng Phan Ä Ã¬nh PhÃ¹ng,2026-05-06-00,abcxy132487497.29jhjhdks080186498670.0
1780000000000.0,-75,-7.5,21.59340262,105.8189607,T?nh Thái Nguyên,PhÆ°á» ng Phan Ä Ã¬nh PhÃ¹ng,2026-05-06-00,abcxy132487497.29jhjhdks080186498670.0
1780000000000.0,-74,-7.0,21.5952158,105.8176517,T?nh Thái Nguyên,PhÆ°á» ng Phan Ä Ã¬nh PhÃ¹ng,2026-05-06-00,abcxy132487497.29jhjhdks080186498670.0
1780000000000.0,-94,-7.5,21.59497976,105.817287,T?nh Thái Nguyên,PhÆ°á» ng Phan Ä Ã¬nh PhÃ¹ng,2026-05-06-00,abcxy132487497.29jhjhdks080186498670.0
1780000000000.0,-78,-6.0,21.5925765,105.8195186,T?nh Thái Nguyên,PhÆ°á» ng Phan Ä Ã¬nh PhÃ¹ng,2026-05-06-00,abcxy132487497.29jhjhdks080186498670.0
1780000000000.0,-81,-9.0,21.59190059,105.8199906,T?nh Thái Nguyên,PhÆ°á» ng Phan Ä Ã¬nh PhÃ¹ng,2026-05-06-00,abcxy132487497.29jhjhdks080186498670.0
1780000000000.0,-100,-14.5,21.59364939,105.8211279,T?nh Thái Nguyên,PhÆ°á» ng Phan Ä Ã¬nh PhÃ¹ng,2026-05-06-00,abcxy132487497.29jhjhdks080186498670.0
1780000000000.0,-94,-10.0,21.59494758,105.8172655,T?nh Thái Nguyên,PhÆ°á» ng Phan Ä Ã¬nh PhÃ¹ng,2026-05-06-00,abcxy132487497.29jhjhdks080186498670.0
1780000000000.0,-94,-8.5,21.59497976,105.817287,T?nh Thái Nguyên,PhÆ°á» ng Phan Ä Ã¬nh PhÃ¹ng,2026-05-06-00,abcxy132487497.29jhjhdks080186498670.0
1780000000000.0,-93,-7.0,21.59497976,105.817287,T?nh Thái Nguyên,PhÆ°á» ng Phan Ä Ã¬nh PhÃ¹ng,2026-05-06-00,abcxy132487497.29jhjhdks080186498670.0
1780000000000.0,-104,-11.5,21.59364939,105.8211279,T?nh Thái Nguyên,PhÆ°á» ng Phan Ä Ã¬nh PhÃ¹ng,2026-05-06-00,abcxy132487497.29jhjhdks080186498670.0
1780000000000.0,-70,-6.0,21.59340262,105.8189607,T?nh Thái Nguyên,PhÆ°á» ng Phan Ä Ã¬nh PhÃ¹ng,2026-05-06-00,abcxy132487497.29jhjhdks080186498670.0
1780000000000.0,-95,-8.0,21.59497976,105.817287,T?nh Thái Nguyên,PhÆ°á» ng Phan Ä Ã¬nh PhÃ¹ng,2026-05-06-00,abcxy132487497.29jhjhdks080186498670.0
1780000000000.0,-77,-6.0,21.5916431,105.8201408,T?nh Thái Nguyên,PhÆ°á» ng Phan Ä Ã¬nh PhÃ¹ng,2026-05-06-00,abcxy132487497.29jhjhdks080186498670.0
1780000000000.0,-74,-7.0,21.59492612,105.8179307,T?nh Thái Nguyên,PhÆ°á» ng Phan Ä Ã¬nh PhÃ¹ng,2026-05-06-00,abcxy132487497.29jhjhdks080186498670.0
1780000000000.0,-82,-7.5,21.5952158,105.8176517,T?nh Thái Nguyên,PhÆ°á» ng Phan Ä Ã¬nh PhÃ¹ng,2026-05-06-00,abcxy132487497.29jhjhdks080186498670.0
1780000000000.0,-93,-9.0,21.59494758,105.8172655,T?nh Thái Nguyên,PhÆ°á» ng Phan Ä Ã¬nh PhÃ¹ng,2026-05-06-00,abcxy132487497.29jhjhdks080186498670.0
1780000000000.0,-93,-9.0,21.59494758,105.8172441,T?nh Thái Nguyên,PhÆ°á» ng Phan Ä Ã¬nh PhÃ¹ng,2026-05-06-00,abcxy132487497.29jhjhdks080186498670.0
1780000000000.0,-93,-7.0,21.59497976,105.817287,T?nh Thái Nguyên,PhÆ°á» ng Phan Ä Ã¬nh PhÃ¹ng,2026-05-06-00,abcxy132487497.29jhjhdks080186498670.0
1780000000000.0,-103,-13.0,21.59364939,105.8211279,T?nh Thái Nguyên,PhÆ°á» ng Phan Ä Ã¬nh PhÃ¹ng,2026-05-06-00,abcxy132487497.29jhjhdks080186498670.0
1780000000000.0,-93,-7.5,21.59497976,105.817287,T?nh Thái Nguyên,PhÆ°á» ng Phan Ä Ã¬nh PhÃ¹ng,2026-05-06-00,abcxy132487497.29jhjhdks080186498670.0
1780000000000.0,-82,-12.0,21.59353137,105.8188319,T?nh Thái Nguyên,PhÆ°á» ng Phan Ä Ã¬nh PhÃ¹ng,2026-05-06-00,abcxy132487497.29jhjhdks080186498670.0
1780000000000.0,-87,-12.0,21.5916431,105.8201408,T?nh Thái Nguyên,PhÆ°á» ng Phan Ä Ã¬nh PhÃ¹ng,2026-05-06-00,abcxy132487497.29jhjhdks080186498670.0
1780000000000.0,-101,-10.0,21.59364939,105.8211279,T?nh Thái Nguyên,PhÆ°á» ng Phan Ä Ã¬nh PhÃ¹ng,2026-05-06-00,abcxy132487498.27jhjhdks080186498670.0
1780000000000.0,-103,-13.0,21.59364939,105.8211279,T?nh Thái Nguyên,PhÆ°á» ng Phan Ä Ã¬nh PhÃ¹ng,2026-05-06-00,abcxy132487498.27jhjhdks080186498670.0
1780000000000.0,-103,-13.5,21.59364939,105.8211279,T?nh Thái Nguyên,PhÆ°á» ng Phan Ä Ã¬nh PhÃ¹ng,2026-05-06-00,abcxy132487498.27jhjhdks080186498670.0
1780000000000.0,-102,-15.0,21.59364939,105.8211279,T?nh Thái Nguyên,PhÆ°á» ng Phan Ä Ã¬nh PhÃ¹ng,2026-05-06-00,abcxy132487498.27jhjhdks080186498670.0
1780000000000.0,-102,-12.5,21.59364939,105.8211279,T?nh Thái Nguyên,PhÆ°á» ng Phan Ä Ã¬nh PhÃ¹ng,2026-05-06-00,abcxy132487498.27jhjhdks080186498670.0
1780000000000.0,-94,-8.0,21.59496903,105.817287,T?nh Thái Nguyên,PhÆ°á» ng Phan Ä Ã¬nh PhÃ¹ng,2026-05-06-00,abcxy132487498.27jhjhdks080186498670.0
1780000000000.0,-94,-9.0,21.59497976,105.817287,T?nh Thái Nguyên,PhÆ°á» ng Phan Ä Ã¬nh PhÃ¹ng,2026-05-06-00,abcxy132487498.27jhjhdks080186498670.0
1780000000000.0,-100,-13.5,21.59364939,105.8211279,T?nh Thái Nguyên,PhÆ°á» ng Phan Ä Ã¬nh PhÃ¹ng,2026-05-06-00,abcxy132487498.27jhjhdks080186498670.0
1780000000000.0,-96,-18.0,21.59581661,105.8184028,T?nh Thái Nguyên,PhÆ°á» ng Phan Ä Ã¬nh PhÃ¹ng,2026-05-06-00,abcxy132487498.27jhjhdks080186498670.0
1780000000000.0,-102,-11.0,21.59364939,105.8211279,T?nh Thái Nguyên,PhÆ°á» ng Phan Ä Ã¬nh PhÃ¹ng,2026-05-06-00,abcxy132487498.27jhjhdks080186498670.0
1780000000000.0,-102,-11.5,21.59364939,105.8211279,T?nh Thái Nguyên,PhÆ°á» ng Phan Ä Ã¬nh PhÃ¹ng,2026-05-06-00,abcxy132487498.27jhjhdks080186498670.0
1780000000000.0,-94,-12.5,21.59594536,105.8184671,T?nh Thái Nguyên,PhÆ°á» ng Phan Ä Ã¬nh PhÃ¹ng,2026-05-06-00,abcxy132487498.27jhjhdks080186498670.0
1780000000000.0,-101,-12.5,21.59364939,105.8211279,T?nh Thái Nguyên,PhÆ°á» ng Phan Ä Ã¬nh PhÃ¹ng,2026-05-06-00,abcxy132487498.27jhjhdks080186498670.0
1780000000000.0,-102,-12.0,21.59364939,105.8211279,T?nh Thái Nguyên,PhÆ°á» ng Phan Ä Ã¬nh PhÃ¹ng,2026-05-06-00,abcxy132487498.27jhjhdks080186498670.0
1780000000000.0,-95,-7.5,21.59496903,105.817287,T?nh Thái Nguyên,PhÆ°á» ng Phan Ä Ã¬nh PhÃ¹ng,2026-05-06-00,abcxy132487498.27jhjhdks080186498670.0
1780000000000.0,-90,-11.0,21.59617066,105.8181667,T?nh Thái Nguyên,PhÆ°á» ng Phan Ä Ã¬nh PhÃ¹ng,2026-05-06-00,abcxy132487498.27jhjhdks080186498670.0
1780000000000.0,-102,-13.0,21.59364939,105.8211279,T?nh Thái Nguyên,PhÆ°á» ng Phan Ä Ã¬nh PhÃ¹ng,2026-05-06-00,abcxy132487498.27jhjhdks080186498670.0
1780000000000.0,-101,-11.5,21.59364939,105.8211279,T?nh Thái Nguyên,PhÆ°á» ng Phan Ä Ã¬nh PhÃ¹ng,2026-05-06-00,abcxy132487498.27jhjhdks080186498670.0
1780000000000.0,-94,-8.0,21.59496903,105.817287,T?nh Thái Nguyên,PhÆ°á» ng Phan Ä Ã¬nh PhÃ¹ng,2026-05-06-00,abcxy132487498.27jhjhdks080186498670.0
1780000000000.0,-102,-11.0,21.59364939,105.8211279,T?nh Thái Nguyên,PhÆ°á» ng Phan Ä Ã¬nh PhÃ¹ng,2026-05-06-00,abcxy132487498.27jhjhdks080186498670.0
1780000000000.0,-95,-7.5,21.59497976,105.817287,T?nh Thái Nguyên,PhÆ°á» ng Phan Ä Ã¬nh PhÃ¹ng,2026-05-06-00,abcxy132487498.27jhjhdks080186498670.0
1780000000000.0,-102,-17.0,21.59364939,105.8211279,T?nh Thái Nguyên,PhÆ°á» ng Phan Ä Ã¬nh PhÃ¹ng,2026-05-06-00,abcxy132487498.27jhjhdks080186498670.0
1780000000000.0,-102,-10.5,21.59364939,105.8211279,T?nh Thái Nguyên,PhÆ°á» ng Phan Ä Ã¬nh PhÃ¹ng,2026-05-06-00,abcxy132487498.27jhjhdks080186498670.0
1780000000000.0,-102,-11.0,21.59364939,105.8211279,T?nh Thái Nguyên,PhÆ°á» ng Phan Ä Ã¬nh PhÃ¹ng,2026-05-06-00,abcxy132487498.27jhjhdks080186498670.0
1780000000000.0,-97,-15.0,21.59850955,105.8151412,T?nh Thái Nguyên,PhÆ°á» ng Phan Ä Ã¬nh PhÃ¹ng,2026-05-06-00,abcxy132487507.05jhjhdks080186498680.0
1780000000000.0,-80,-6.5,21.59790874,105.8156133,T?nh Thái Nguyên,PhÆ°á» ng Phan Ä Ã¬nh PhÃ¹ng,2026-05-06-00,abcxy132487507.05jhjhdks080186498680.0
1780000000000.0,-72,-11.5,21.59777999,105.8156991,T?nh Thái Nguyên,PhÆ°á» ng Phan Ä Ã¬nh PhÃ¹ng,2026-05-06-00,abcxy132487507.05jhjhdks080186498680.0
1780000000000.0,-91,-15.0,21.59581661,105.8172441,T?nh Thái Nguyên,PhÆ°á» ng Phan Ä Ã¬nh PhÃ¹ng,2026-05-06-00,abcxy132487507.05jhjhdks080186498680.0
1780000000000.0,-87,-10.0,21.59868121,105.8149266,T?nh Thái Nguyên,PhÆ°á» ng Phan Ä Ã¬nh PhÃ¹ng,2026-05-06-00,abcxy132487507.05jhjhdks080186498680.0
1780000000000.0,-75,-6.0,21.59789801,105.8156133,T?nh Thái Nguyên,PhÆ°á» ng Phan Ä Ã¬nh PhÃ¹ng,2026-05-06-00,abcxy132487507.05jhjhdks080186498680.0
1780000000000.0,-97,-15.0,21.59868121,105.8149266,T?nh Thái Nguyên,PhÆ°á» ng Phan Ä Ã¬nh PhÃ¹ng,2026-05-06-00,abcxy132487507.05jhjhdks080186498680.0
1780000000000.0,-89,-13.5,21.59686804,105.8167505,T?nh Thái Nguyên,PhÆ°á» ng Phan Ä Ã¬nh PhÃ¹ng,2026-05-06-00,abcxy132487507.05jhjhdks080186498680.0
1780000000000.0,-83,-9.0,21.59623504,105.8169866,T?nh Thái Nguyên,PhÆ°á» ng Phan Ä Ã¬nh PhÃ¹ng,2026-05-06-00,abcxy132487507.05jhjhdks080186498680.0
1780000000000.0,-77,-10.0,21.59777999,105.8156991,T?nh Thái Nguyên,PhÆ°á» ng Phan Ä Ã¬nh PhÃ¹ng,2026-05-06-00,abcxy132487507.05jhjhdks080186498680.0
1780000000000.0,-99,-9.5,21.59662127,105.8171582,T?nh Thái Nguyên,PhÆ°á» ng Phan Ä Ã¬nh PhÃ¹ng,2026-05-06-00,abcxy132487507.05jhjhdks080186498680.0
1780000000000.0,-103,-13.0,21.59846663,105.8148623,T?nh Thái Nguyên,PhÆ°á» ng Phan Ä Ã¬nh PhÃ¹ng,2026-05-06-00,abcxy132487507.05jhjhdks080186498680.0
1780000000000.0,-96,-11.5,21.59824133,105.8155704,T?nh Thái Nguyên,PhÆ°á» ng Phan Ä Ã¬nh PhÃ¹ng,2026-05-06-00,abcxy132487507.05jhjhdks080186498680.0
1780000000000.0,-77,-10.0,21.59839153,105.8148837,T?nh Thái Nguyên,PhÆ°á» ng Phan Ä Ã¬nh PhÃ¹ng,2026-05-06-00,abcxy132487507.05jhjhdks080186498680.0
1780000000000.0,-72,-12.0,21.59686804,105.816493,T?nh Thái Nguyên,PhÆ°á» ng Phan Ä Ã¬nh PhÃ¹ng,2026-05-06-00,abcxy132487507.05jhjhdks080186498680.0
1780000000000.0,-74,-8.5,21.59732938,105.8164072,T?nh Thái Nguyên,PhÆ°á» ng Phan Ä Ã¬nh PhÃ¹ng,2026-05-06-00,abcxy132487507.05jhjhdks080186498680.0
1780000000000.0,-79,-7.5,21.59846663,105.8148623,T?nh Thái Nguyên,PhÆ°á» ng Phan Ä Ã¬nh PhÃ¹ng,2026-05-06-00,abcxy132487507.05jhjhdks080186498680.0
1780000000000.0,-87,-10.0,21.59779072,105.816021,T?nh Thái Nguyên,PhÆ°á» ng Phan Ä Ã¬nh PhÃ¹ng,2026-05-06-00,abcxy132487507.05jhjhdks080186498680.0
1780000000000.0,-86,-10.5,21.59732938,105.8164072,T?nh Thái Nguyên,PhÆ°á» ng Phan Ä Ã¬nh PhÃ¹ng,2026-05-06-00,abcxy132487507.05jhjhdks080186498680.0
1780000000000.0,-70,-5.0,21.59623504,105.8169651,T?nh Thái Nguyên,PhÆ°á» ng Phan Ä Ã¬nh PhÃ¹ng,2026-05-06-00,abcxy132487507.05jhjhdks080186498680.0
1780000000000.0,-88,-13.0,21.59662127,105.8171368,T?nh Thái Nguyên,PhÆ°á» ng Phan Ä Ã¬nh PhÃ¹ng,2026-05-06-00,abcxy132487507.05jhjhdks080186498680.0
1780000000000.0,-73,-9.5,21.59687877,105.8167505,T?nh Thái Nguyên,PhÆ°á» ng Phan Ä Ã¬nh PhÃ¹ng,2026-05-06-00,abcxy132487507.05jhjhdks080186498680.0
1780000000000.0,-71,-5.5,21.59706116,105.8164072,T?nh Thái Nguyên,PhÆ°á» ng Phan Ä Ã¬nh PhÃ¹ng,2026-05-06-00,abcxy132487507.05jhjhdks080186498680.0
1780000000000.0,-95,-13.0,21.59780145,105.816021,T?nh Thái Nguyên,PhÆ°á» ng Phan Ä Ã¬nh PhÃ¹ng,2026-05-06-00,abcxy132487507.05jhjhdks080186498680.0
1780000000000.0,-87,-10.0,21.59839153,105.8148837,T?nh Thái Nguyên,PhÆ°á» ng Phan Ä Ã¬nh PhÃ¹ng,2026-05-06-00,abcxy132487507.05jhjhdks080186498680.0
1780000000000.0,-70,-5.5,21.59705043,105.8164287,T?nh Thái Nguyên,PhÆ°á» ng Phan Ä Ã¬nh PhÃ¹ng,2026-05-06-00,abcxy132487507.05jhjhdks080186498680.0
1780000000000.0,-91,-15.0,21.59686804,105.816493,T?nh Thái Nguyên,PhÆ°á» ng Phan Ä Ã¬nh PhÃ¹ng,2026-05-06-00,abcxy132487507.05jhjhdks080186498680.0
1780000000000.0,-103,-13.0,21.59884214,105.815227,T?nh Thái Nguyên,PhÆ°á» ng Phan Ä Ã¬nh PhÃ¹ng,2026-05-06-00,abcxy132487507.05jhjhdks080186498680.0
1780000000000.0,-100,-6.0,21.56813622,105.8741283,T?nh Thái Nguyên,PhÆ°á» ng Gia SÃ ng,2026-05-06-00,abcxy132488487.3jhjhdks080186500060.0
1780000000000.0,-102,-8.0,21.5681684,105.8741713,T?nh Thái Nguyên,PhÆ°á» ng Gia SÃ ng,2026-05-06-00,abcxy132488487.3jhjhdks080186500060.0
1780000000000.0,-100,-7.0,21.56812549,105.8741283,T?nh Thái Nguyên,PhÆ°á» ng Gia SÃ ng,2026-05-06-00,abcxy132488487.3jhjhdks080186500060.0
1780000000000.0,-100,-6.0,21.56812549,105.8741069,T?nh Thái Nguyên,PhÆ°á» ng Gia SÃ ng,2026-05-06-00,abcxy132488487.3jhjhdks080186500060.0
1780000000000.0,-103,-7.0,21.56813622,105.8740854,T?nh Thái Nguyên,PhÆ°á» ng Gia SÃ ng,2026-05-06-00,abcxy132488487.3jhjhdks080186500060.0
1780000000000.0,-102,-6.5,21.5681684,105.8741713,T?nh Thái Nguyên,PhÆ°á» ng Gia SÃ ng,2026-05-06-00,abcxy132488487.3jhjhdks080186500060.0
1780000000000.0,-102,-7.0,21.5681684,105.8741713,T?nh Thái Nguyên,PhÆ°á» ng Gia SÃ ng,2026-05-06-00,abcxy132488487.3jhjhdks080186500060.0
1780000000000.0,-102,-6.5,21.56813622,105.8740854,T?nh Thái Nguyên,PhÆ°á» ng Gia SÃ ng,2026-05-06-00,abcxy132488487.3jhjhdks080186500060.0
1780000000000.0,-100,-6.5,21.56813622,105.8741283,T?nh Thái Nguyên,PhÆ°á» ng Gia SÃ ng,2026-05-06-00,abcxy132488487.3jhjhdks080186500060.0
1780000000000.0,-103,-7.0,21.56817913,105.8741498,T?nh Thái Nguyên,PhÆ°á» ng Gia SÃ ng,2026-05-06-00,abcxy132488487.3jhjhdks080186500060.0
1780000000000.0,-100,-6.5,21.56813622,105.8741283,T?nh Thái Nguyên,PhÆ°á» ng Gia SÃ ng,2026-05-06-00,abcxy132488487.3jhjhdks080186500060.0
1780000000000.0,-100,-8.5,21.56813622,105.8741283,T?nh Thái Nguyên,PhÆ°á» ng Gia SÃ ng,2026-05-06-00,abcxy132488487.3jhjhdks080186500060.0
1780000000000.0,-103,-6.5,21.56812549,105.8741283,T?nh Thái Nguyên,PhÆ°á» ng Gia SÃ ng,2026-05-06-00,abcxy132488487.3jhjhdks080186500060.0
1780000000000.0,-103,-6.0,21.56813622,105.8740854,T?nh Thái Nguyên,PhÆ°á» ng Gia SÃ ng,2026-05-06-00,abcxy132488487.3jhjhdks080186500060.0
1780000000000.0,-99,-6.5,21.56812549,105.8741069,T?nh Thái Nguyên,PhÆ°á» ng Gia SÃ ng,2026-05-06-00,abcxy132488487.3jhjhdks080186500060.0
1780000000000.0,-100,-8.0,21.56813622,105.8741283,T?nh Thái Nguyên,PhÆ°á» ng Gia SÃ ng,2026-05-06-00,abcxy132488487.3jhjhdks080186500060.0
1780000000000.0,-100,-7.5,21.56813622,105.8741283,T?nh Thái Nguyên,PhÆ°á» ng Gia SÃ ng,2026-05-06-00,abcxy132488487.3jhjhdks080186500060.0
1780000000000.0,-103,-8.0,21.56817913,105.8741498,T?nh Thái Nguyên,PhÆ°á» ng Gia SÃ ng,2026-05-06-00,abcxy132488487.3jhjhdks080186500060.0
1780000000000.0,-99,-6.5,21.56813622,105.8741283,T?nh Thái Nguyên,PhÆ°á» ng Gia SÃ ng,2026-05-06-00,abcxy132488487.3jhjhdks080186500060.0
1780000000000.0,-100,-8.0,21.56813622,105.8741283,T?nh Thái Nguyên,PhÆ°á» ng Gia SÃ ng,2026-05-06-00,abcxy132488487.3jhjhdks080186500060.0
1780000000000.0,-100,-6.5,21.56811476,105.874064,T?nh Thái Nguyên,PhÆ°á» ng Gia SÃ ng,2026-05-06-00,abcxy132488487.3jhjhdks080186500060.0
1780000000000.0,-100,-7.5,21.56813622,105.8741283,T?nh Thái Nguyên,PhÆ°á» ng Gia SÃ ng,2026-05-06-00,abcxy132488487.3jhjhdks080186500060.0
1780000000000.0,-100,-6.0,21.56813622,105.8741283,T?nh Thái Nguyên,PhÆ°á» ng Gia SÃ ng,2026-05-06-00,abcxy132488487.3jhjhdks080186500060.0
1780000000000.0,-100,-6.0,21.56812549,105.8741069,T?nh Thái Nguyên,PhÆ°á» ng Gia SÃ ng,2026-05-06-00,abcxy132488487.3jhjhdks080186500060.0
1780000000000.0,-100,-6.5,21.56811476,105.8741927,T?nh Thái Nguyên,PhÆ°á» ng Gia SÃ ng,2026-05-06-00,abcxy132488487.3jhjhdks080186500060.0
1780000000000.0,-99,-6.5,21.56813622,105.8741283,T?nh Thái Nguyên,PhÆ°á» ng Gia SÃ ng,2026-05-06-00,abcxy132488487.3jhjhdks080186500060.0
1780000000000.0,-100,-6.5,21.5680933,105.8740854,T?nh Thái Nguyên,PhÆ°á» ng Gia SÃ ng,2026-05-06-00,abcxy132488487.3jhjhdks080186500060.0
1780000000000.0,-99,-5.5,21.56812549,105.8741069,T?nh Thái Nguyên,PhÆ°á» ng Gia SÃ ng,2026-05-06-00,abcxy132488487.3jhjhdks080186500060.0
1780000000000.0,-100,-6.0,21.56813622,105.8741283,T?nh Thái Nguyên,PhÆ°á» ng Gia SÃ ng,2026-05-06-00,abcxy132488487.3jhjhdks080186500060.0
1780000000000.0,-100,-6.5,21.56812549,105.8741069,T?nh Thái Nguyên,PhÆ°á» ng Gia SÃ ng,2026-05-06-00,abcxy132488487.3jhjhdks080186500060.0
1780000000000.0,-103,-8.0,21.56813622,105.8740854,T?nh Thái Nguyên,PhÆ°á» ng Gia SÃ ng,2026-05-06-00,abcxy132488487.3jhjhdks080186500060.0
1780000000000.0,-100,-6.0,21.56812549,105.8741069,T?nh Thái Nguyên,PhÆ°á» ng Gia SÃ ng,2026-05-06-00,abcxy132488487.3jhjhdks080186500060.0
1780000000000.0,-103,-6.5,21.56813622,105.8741069,T?nh Thái Nguyên,PhÆ°á» ng Gia SÃ ng,2026-05-06-00,abcxy132488487.3jhjhdks080186500060.0
1780000000000.0,-99,-7.0,21.56811476,105.8741927,T?nh Thái Nguyên,PhÆ°á» ng Gia SÃ ng,2026-05-06-00,abcxy132488487.3jhjhdks080186500060.0
1780000000000.0,-102,-8.0,21.5681684,105.8741713,T?nh Thái Nguyên,PhÆ°á» ng Gia SÃ ng,2026-05-06-00,abcxy132488487.3jhjhdks080186500060.0
1780000000000.0,-101,-6.0,21.56817913,105.8741498,T?nh Thái Nguyên,PhÆ°á» ng Gia SÃ ng,2026-05-06-00,abcxy132488487.3jhjhdks080186500060.0
1780000000000.0,-102,-8.0,21.5681684,105.8741713,T?nh Thái Nguyên,PhÆ°á» ng Gia SÃ ng,2026-05-06-00,abcxy132488487.3jhjhdks080186500060.0
1780000000000.0,-100,-6.0,21.56812549,105.8741069,T?nh Thái Nguyên,PhÆ°á» ng Gia SÃ ng,2026-05-06-00,abcxy132488487.3jhjhdks080186500060.0
1780000000000.0,-87,-6.0,21.56815767,105.873785,T?nh Thái Nguyên,PhÆ°á» ng Gia SÃ ng,2026-05-06-00,abcxy132488488.27jhjhdks080186500060.0
1780000000000.0,-87,-6.5,21.56815767,105.873785,T?nh Thái Nguyên,PhÆ°á» ng Gia SÃ ng,2026-05-06-00,abcxy132488488.27jhjhdks080186500060.0
1780000000000.0,-96,-6.0,21.56264305,105.877068,T?nh Thái Nguyên,PhÆ°á» ng Gia SÃ ng,2026-05-06-00,abcxy132488497.06jhjhdks080186500080.0
1780000000000.0,-98,-5.5,21.5624392,105.8698583,T?nh Thái Nguyên,PhÆ°á» ng Gia SÃ ng,2026-05-06-00,abcxy132488506.83jhjhdks080186500090.0
1780000000000.0,-89,-4.0,21.56244993,105.8698797,T?nh Thái Nguyên,PhÆ°á» ng Gia SÃ ng,2026-05-06-00,abcxy132488506.83jhjhdks080186500090.0
1780000000000.0,-104,-6.0,21.56247139,105.8698368,T?nh Thái Nguyên,PhÆ°á» ng Gia SÃ ng,2026-05-06-00,abcxy132488506.83jhjhdks080186500090.0
1780000000000.0,-93,-6.0,21.56246066,105.8699226,T?nh Thái Nguyên,PhÆ°á» ng Gia SÃ ng,2026-05-06-00,abcxy132488506.83jhjhdks080186500090.0
1780000000000.0,-97,-7.0,21.56654835,105.8708668,T?nh Thái Nguyên,PhÆ°á» ng Gia SÃ ng,2026-05-06-00,abcxy132488506.83jhjhdks080186500090.0
1780000000000.0,-93,-6.0,21.5664947,105.8704805,T?nh Thái Nguyên,PhÆ°á» ng Gia SÃ ng,2026-05-06-00,abcxy132488506.83jhjhdks080186500090.0
1780000000000.0,-93,-6.0,21.56648397,105.8706737,T?nh Thái Nguyên,PhÆ°á» ng Gia SÃ ng,2026-05-06-00,abcxy132488506.83jhjhdks080186500090.0
1780000000000.0,-98,-5.0,21.56240702,105.869751,T?nh Thái Nguyên,PhÆ°á» ng Gia SÃ ng,2026-05-06-00,abcxy132488506.83jhjhdks080186500090.0
1780000000000.0,-99,-5.5,21.56250358,105.869751,T?nh Thái Nguyên,PhÆ°á» ng Gia SÃ ng,2026-05-06-00,abcxy132488506.83jhjhdks080186500090.0
1780000000000.0,-93,-6.0,21.56656981,105.8709097,T?nh Thái Nguyên,PhÆ°á» ng Gia SÃ ng,2026-05-06-00,abcxy132488506.83jhjhdks080186500090.0
1780000000000.0,-105,-6.0,21.56247139,105.8698368,T?nh Thái Nguyên,PhÆ°á» ng Gia SÃ ng,2026-05-06-00,abcxy132488506.83jhjhdks080186500090.0
1780000000000.0,-97,-6.0,21.56654835,105.8708668,T?nh Thái Nguyên,PhÆ°á» ng Gia SÃ ng,2026-05-06-00,abcxy132488506.83jhjhdks080186500090.0
1780000000000.0,-97,-6.5,21.56650543,105.8707809,T?nh Thái Nguyên,PhÆ°á» ng Gia SÃ ng,2026-05-06-00,abcxy132488506.83jhjhdks080186500090.0
1780000000000.0,-95,-6.0,21.56287909,105.8699012,T?nh Thái Nguyên,PhÆ°á» ng Gia SÃ ng,2026-05-06-00,abcxy132488506.83jhjhdks080186500090.0
1780000000000.0,-99,-6.5,21.56250358,105.869751,T?nh Thái Nguyên,PhÆ°á» ng Gia SÃ ng,2026-05-06-00,abcxy132488506.83jhjhdks080186500090.0
1780000000000.0,-102,-7.0,21.56644106,105.8710599,T?nh Thái Nguyên,PhÆ°á» ng Gia SÃ ng,2026-05-06-00,abcxy132488506.83jhjhdks080186500090.0
1780000000000.0,-93,-7.0,21.56656981,105.8709097,T?nh Thái Nguyên,PhÆ°á» ng Gia SÃ ng,2026-05-06-00,abcxy132488506.83jhjhdks080186500090.0
1780000000000.0,-96,-6.0,21.56261086,105.8705235,T?nh Thái Nguyên,PhÆ°á» ng Gia SÃ ng,2026-05-06-00,abcxy132488506.83jhjhdks080186500090.0
1780000000000.0,-99,-15.0,21.56372666,105.8727551,T?nh Thái Nguyên,PhÆ°á» ng Gia SÃ ng,2026-05-06-00,abcxy132488506.83jhjhdks080186500090.0
1780000000000.0,-97,-3.5,21.56650543,105.8707809,T?nh Thái Nguyên,PhÆ°á» ng Gia SÃ ng,2026-05-06-00,abcxy132488506.83jhjhdks080186500090.0
1780000000000.0,-97,-7.0,21.56257868,105.8703947,T?nh Thái Nguyên,PhÆ°á» ng Gia SÃ ng,2026-05-06-00,abcxy132488506.83jhjhdks080186500090.0
1780000000000.0,-93,-3.5,21.56648397,105.8706737,T?nh Thái Nguyên,PhÆ°á» ng Gia SÃ ng,2026-05-06-00,abcxy132488506.83jhjhdks080186500090.0
1780000000000.0,-93,-3.5,21.56648397,105.8706737,T?nh Thái Nguyên,PhÆ°á» ng Gia SÃ ng,2026-05-06-00,abcxy132488506.83jhjhdks080186500090.0
1780000000000.0,-93,-5.0,21.5664947,105.8704805,T?nh Thái Nguyên,PhÆ°á» ng Gia SÃ ng,2026-05-06-00,abcxy132488506.83jhjhdks080186500090.0
1780000000000.0,-95,-6.0,21.56246066,105.8699226,T?nh Thái Nguyên,PhÆ°á» ng Gia SÃ ng,2026-05-06-00,abcxy132488506.83jhjhdks080186500090.0
1780000000000.0,-93,-7.5,21.56648397,105.8706737,T?nh Thái Nguyên,PhÆ°á» ng Gia SÃ ng,2026-05-06-00,abcxy132488506.83jhjhdks080186500090.0
1780000000000.0,-97,-6.0,21.56654835,105.8708668,T?nh Thái Nguyên,PhÆ°á» ng Gia SÃ ng,2026-05-06-00,abcxy132488506.83jhjhdks080186500090.0
1780000000000.0,-89,-6.0,21.56264305,105.8707809,T?nh Thái Nguyên,PhÆ°á» ng Gia SÃ ng,2026-05-06-00,abcxy132488506.83jhjhdks080186500090.0
1780000000000.0,-90,-4.5,21.5624392,105.8698583,T?nh Thái Nguyên,PhÆ°á» ng Gia SÃ ng,2026-05-06-00,abcxy132488506.83jhjhdks080186500090.0
1780000000000.0,-93,-6.5,21.56244993,105.8698797,T?nh Thái Nguyên,PhÆ°á» ng Gia SÃ ng,2026-05-06-00,abcxy132488506.83jhjhdks080186500090.0
1780000000000.0,-94,-5.5,21.56287909,105.8699012,T?nh Thái Nguyên,PhÆ°á» ng Gia SÃ ng,2026-05-06-00,abcxy132488506.83jhjhdks080186500090.0
1780000000000.0,-103,-6.5,21.56247139,105.8698368,T?nh Thái Nguyên,PhÆ°á» ng Gia SÃ ng,2026-05-06-00,abcxy132488507.8jhjhdks080186500090.0
1780000000000.0,-101,-11.0,21.5762043,105.8180809,T?nh Thái Nguyên,PhÆ°á» ng Phan Ä Ã¬nh PhÃ¹ng,2026-05-06-00,abcxy132489996.72jhjhdks080186502190.0
1780000000000.0,-98,-9.5,21.57588243,105.8182526,T?nh Thái Nguyên,PhÆ°á» ng Phan Ä Ã¬nh PhÃ¹ng,2026-05-06-00,abcxy132489996.72jhjhdks080186502190.0
1780000000000.0,-105,-11.5,21.57533526,105.8189178,T?nh Thái Nguyên,PhÆ°á» ng Phan Ä Ã¬nh PhÃ¹ng,2026-05-06-00,abcxy132489996.72jhjhdks080186502190.0
1780000000000.0,-85,-11.0,21.57250285,105.8185315,T?nh Thái Nguyên,PhÆ°á» ng Phan Ä Ã¬nh PhÃ¹ng,2026-05-06-00,abcxy132489997.7jhjhdks080186502190.0
1780000000000.0,-106,-8.0,21.48078203,105.8672619,T?nh Thái Nguyên,PhÆ°á» ng BÃ¡ch Quang,2026-05-06-00,abcxy132491480.76jhjhdks080186504280.0
1780000000000.0,-97,-13.5,21.48563147,105.8670044,T?nh Thái Nguyên,PhÆ°á» ng BÃ¡ch Quang,2026-05-06-00,abcxy132491480.76jhjhdks080186504280.0
1780000000000.0,-114,-11.0,21.4834857,105.8682489,T?nh Thái Nguyên,PhÆ°á» ng BÃ¡ch Quang,2026-05-06-00,abcxy132491480.76jhjhdks080186504280.0
1780000000000.0,-96,-7.0,21.48385048,105.8666396,T?nh Thái Nguyên,PhÆ°á» ng BÃ¡ch Quang,2026-05-06-00,abcxy132491480.76jhjhdks080186504280.0
1780000000000.0,-106,-8.5,21.48078203,105.8672619,T?nh Thái Nguyên,PhÆ°á» ng BÃ¡ch Quang,2026-05-06-00,abcxy132491480.76jhjhdks080186504280.0
1780000000000.0,-97,-14.5,21.49175763,105.8826685,T?nh Thái Nguyên,PhÆ°á» ng BÃ¡ch Quang,2026-05-06-00,abcxy132491480.76jhjhdks080186504280.0
1780000000000.0,-95,-6.0,21.48563147,105.8670044,T?nh Thái Nguyên,PhÆ°á» ng BÃ¡ch Quang,2026-05-06-00,abcxy132491480.76jhjhdks080186504280.0
1780000000000.0,-80,-6.5,21.48385048,105.8666396,T?nh Thái Nguyên,PhÆ°á» ng BÃ¡ch Quang,2026-05-06-00,abcxy132491480.76jhjhdks080186504280.0
1780000000000.0,-106,-10.5,21.48086786,105.8675838,T?nh Thái Nguyên,PhÆ°á» ng BÃ¡ch Quang,2026-05-06-00,abcxy132491480.76jhjhdks080186504280.0
1780000000000.0,-88,-11.0,21.48293853,105.8603311,T?nh Thái Nguyên,PhÆ°á» ng BÃ¡ch Quang,2026-05-06-00,abcxy132491480.76jhjhdks080186504280.0
1780000000000.0,-99,-8.5,21.48271322,105.8596659,T?nh Thái Nguyên,PhÆ°á» ng BÃ¡ch Quang,2026-05-06-00,abcxy132491481.73jhjhdks080186504280.0
1780000000000.0,-97,-6.0,21.48985863,105.8591509,T?nh Thái Nguyên,PhÆ°á» ng BÃ¡ch Quang,2026-05-06-00,abcxy132491484.66jhjhdks080186504280.0
1780000000000.0,-103,-7.5,21.48882866,105.861361,T?nh Thái Nguyên,PhÆ°á» ng BÃ¡ch Quang,2026-05-06-00,abcxy132491484.66jhjhdks080186504280.0
1780000000000.0,-103,-7.5,21.48882866,105.861361,T?nh Thái Nguyên,PhÆ°á» ng BÃ¡ch Quang,2026-05-06-00,abcxy132491484.66jhjhdks080186504280.0
1780000000000.0,-102,-9.5,21.48882866,105.861361,T?nh Thái Nguyên,PhÆ°á» ng BÃ¡ch Quang,2026-05-06-00,abcxy132491484.66jhjhdks080186504280.0
1780000000000.0,-102,-10.0,21.48882866,105.861361,T?nh Thái Nguyên,PhÆ°á» ng BÃ¡ch Quang,2026-05-06-00,abcxy132491484.66jhjhdks080186504280.0
1780000000000.0,-103,-8.0,21.48882866,105.861361,T?nh Thái Nguyên,PhÆ°á» ng BÃ¡ch Quang,2026-05-06-00,abcxy132491484.66jhjhdks080186504280.0
1780000000000.0,-92,-7.0,21.58741593,105.8243895,T?nh Thái Nguyên,PhÆ°á» ng Phan Ä Ã¬nh PhÃ¹ng,2026-05-06-00,abcxy132504243.47jhjhdks080186522240.0
1780000000000.0,-90,-10.0,21.58642888,105.8247972,T?nh Thái Nguyên,PhÆ°á» ng Phan Ä Ã¬nh PhÃ¹ng,2026-05-06-00,abcxy132504243.47jhjhdks080186522240.0
1780000000000.0,-91,-5.5,21.5874052,105.8243895,T?nh Thái Nguyên,PhÆ°á» ng Phan Ä Ã¬nh PhÃ¹ng,2026-05-06-00,abcxy132504243.47jhjhdks080186522240.0
1780000000000.0,-92,-8.5,21.60120249,105.8199477,T?nh Thái Nguyên,PhÆ°á» ng Phan Ä Ã¬nh PhÃ¹ng,2026-05-06-00,abcxy132504243.47jhjhdks080186522240.0
1780000000000.0,-90,-10.0,21.58642888,105.8247972,T?nh Thái Nguyên,PhÆ°á» ng Phan Ä Ã¬nh PhÃ¹ng,2026-05-06-00,abcxy132504243.47jhjhdks080186522240.0
1780000000000.0,-104,-8.5,21.58612847,105.8227372,T?nh Thái Nguyên,PhÆ°á» ng Phan Ä Ã¬nh PhÃ¹ng,2026-05-06-00,abcxy132504243.47jhjhdks080186522240.0
1780000000000.0,-96,-12.0,21.58934712,105.8185101,T?nh Thái Nguyên,PhÆ°á» ng Phan Ä Ã¬nh PhÃ¹ng,2026-05-06-00,abcxy132504253.24jhjhdks080186522260.0
1780000000000.0,-101,-11.5,21.58947587,105.8208704,T?nh Thái Nguyên,PhÆ°á» ng Phan Ä Ã¬nh PhÃ¹ng,2026-05-06-00,abcxy132504253.24jhjhdks080186522260.0
1780000000000.0,-101,-11.0,21.58935785,105.8209562,T?nh Thái Nguyên,PhÆ°á» ng Phan Ä Ã¬nh PhÃ¹ng,2026-05-06-00,abcxy132504253.24jhjhdks080186522260.0
1780000000000.0,-96,-12.5,21.59020543,105.8195186,T?nh Thái Nguyên,PhÆ°á» ng Phan Ä Ã¬nh PhÃ¹ng,2026-05-06-00,abcxy132504253.24jhjhdks080186522260.0
1780000000000.0,-101,-13.5,21.58935785,105.8209777,T?nh Thái Nguyên,PhÆ°á» ng Phan Ä Ã¬nh PhÃ¹ng,2026-05-06-00,abcxy132504253.24jhjhdks080186522260.0
1780000000000.0,-101,-14.5,21.5893364,105.8209991,T?nh Thái Nguyên,PhÆ°á» ng Phan Ä Ã¬nh PhÃ¹ng,2026-05-06-00,abcxy132504253.24jhjhdks080186522260.0
1780000000000.0,-98,-12.0,21.59020543,105.81954,T?nh Thái Nguyên,PhÆ°á» ng Phan Ä Ã¬nh PhÃ¹ng,2026-05-06-00,abcxy132504253.24jhjhdks080186522260.0
1780000000000.0,-101,-9.5,21.58947587,105.8209991,T?nh Thái Nguyên,PhÆ°á» ng Phan Ä Ã¬nh PhÃ¹ng,2026-05-06-00,abcxy132504253.24jhjhdks080186522260.0
1780000000000.0,-101,-10.5,21.58947587,105.8208704,T?nh Thái Nguyên,PhÆ°á» ng Phan Ä Ã¬nh PhÃ¹ng,2026-05-06-00,abcxy132504253.24jhjhdks080186522260.0
1780000000000.0,-101,-11.0,21.58946514,105.821085,T?nh Thái Nguyên,PhÆ°á» ng Phan Ä Ã¬nh PhÃ¹ng,2026-05-06-00,abcxy132504253.24jhjhdks080186522260.0
1780000000000.0,-101,-8.5,21.58937931,105.8210206,T?nh Thái Nguyên,PhÆ°á» ng Phan Ä Ã¬nh PhÃ¹ng,2026-05-06-00,abcxy132504253.24jhjhdks080186522260.0
1780000000000.0,-101,-12.5,21.58931494,105.8211064,T?nh Thái Nguyên,PhÆ°á» ng Phan Ä Ã¬nh PhÃ¹ng,2026-05-06-00,abcxy132504253.24jhjhdks080186522260.0
1780000000000.0,-101,-12.0,21.58950806,105.8207202,T?nh Thái Nguyên,PhÆ°á» ng Phan Ä Ã¬nh PhÃ¹ng,2026-05-06-00,abcxy132504253.24jhjhdks080186522260.0
1780000000000.0,-99,-12.0,21.59072042,105.8203983,T?nh Thái Nguyên,PhÆ°á» ng Phan Ä Ã¬nh PhÃ¹ng,2026-05-06-00,abcxy132504253.24jhjhdks080186522260.0
1780000000000.0,-90,-12.0,21.59023762,105.8200336,T?nh Thái Nguyên,PhÆ°á» ng Phan Ä Ã¬nh PhÃ¹ng,2026-05-06-00,abcxy132504253.24jhjhdks080186522260.0
1780000000000.0,-101,-14.0,21.58932567,105.8209348,T?nh Thái Nguyên,PhÆ°á» ng Phan Ä Ã¬nh PhÃ¹ng,2026-05-06-00,abcxy132504253.24jhjhdks080186522260.0
1780000000000.0,-95,-12.0,21.58977628,105.8192396,T?nh Thái Nguyên,PhÆ°á» ng Phan Ä Ã¬nh PhÃ¹ng,2026-05-06-00,abcxy132504253.24jhjhdks080186522260.0
1780000000000.0,-101,-10.5,21.58944368,105.8209991,T?nh Thái Nguyên,PhÆ°á» ng Phan Ä Ã¬nh PhÃ¹ng,2026-05-06-00,abcxy132504253.24jhjhdks080186522260.0
1780000000000.0,-106,-12.5,21.59017324,105.822072,T?nh Thái Nguyên,PhÆ°á» ng Phan Ä Ã¬nh PhÃ¹ng,2026-05-06-00,abcxy132504253.24jhjhdks080186522260.0
1780000000000.0,-96,-12.0,21.58977628,105.8192396,T?nh Thái Nguyên,PhÆ°á» ng Phan Ä Ã¬nh PhÃ¹ng,2026-05-06-00,abcxy132504253.24jhjhdks080186522260.0
1780000000000.0,-101,-14.5,21.58929348,105.8209133,T?nh Thái Nguyên,PhÆ°á» ng Phan Ä Ã¬nh PhÃ¹ng,2026-05-06-00,abcxy132504253.24jhjhdks080186522260.0
1780000000000.0,-101,-9.0,21.5893364,105.8209991,T?nh Thái Nguyên,PhÆ°á» ng Phan Ä Ã¬nh PhÃ¹ng,2026-05-06-00,abcxy132504253.24jhjhdks080186522260.0
1780000000000.0,-89,-10.5,21.59072042,105.8203983,T?nh Thái Nguyên,PhÆ°á» ng Phan Ä Ã¬nh PhÃ¹ng,2026-05-06-00,abcxy132504253.24jhjhdks080186522260.0
1780000000000.0,-94,-12.0,21.58934712,105.8184886,T?nh Thái Nguyên,PhÆ°á» ng Phan Ä Ã¬nh PhÃ¹ng,2026-05-06-00,abcxy132504253.24jhjhdks080186522260.0
1780000000000.0,-101,-9.0,21.58937931,105.8210206,T?nh Thái Nguyên,PhÆ°á» ng Phan Ä Ã¬nh PhÃ¹ng,2026-05-06-00,abcxy132504253.24jhjhdks080186522260.0
1780000000000.0,-90,-7.5,21.57066822,105.8217502,T?nh Thái Nguyên,PhÆ°á» ng Quyáº¿t Tháº¯ng,2026-05-06-00,abcxy132504993.3jhjhdks080186523300.0
1780000000000.0,-90,-8.0,21.57090425,105.8219004,T?nh Thái Nguyên,PhÆ°á» ng Quyáº¿t Tháº¯ng,2026-05-06-00,abcxy132504993.3jhjhdks080186523300.0
1780000000000.0,-90,-4.0,21.57081842,105.8217931,T?nh Thái Nguyên,PhÆ°á» ng Quyáº¿t Tháº¯ng,2026-05-06-00,abcxy132504993.3jhjhdks080186523300.0
1780000000000.0,-90,-4.5,21.57090425,105.8219004,T?nh Thái Nguyên,PhÆ°á» ng Quyáº¿t Tháº¯ng,2026-05-06-00,abcxy132504993.3jhjhdks080186523300.0
1780000000000.0,-74,-7.0,21.57002449,105.8207417,T?nh Thái Nguyên,PhÆ°á» ng Quyáº¿t Tháº¯ng,2026-05-06-00,abcxy132504993.3jhjhdks080186523300.0
1780000000000.0,-90,-6.0,21.57090425,105.8219004,T?nh Thái Nguyên,PhÆ°á» ng Quyáº¿t Tháº¯ng,2026-05-06-00,abcxy132504993.3jhjhdks080186523300.0
1780000000000.0,-90,-5.0,21.57090425,105.8219004,T?nh Thái Nguyên,PhÆ°á» ng Quyáº¿t Tháº¯ng,2026-05-06-00,abcxy132504993.3jhjhdks080186523300.0
1780000000000.0,-98,-6.0,21.91144824,105.6659245,T?nh Thái Nguyên,XÃ£ PhÆ°á»£ng Tiáº¿n,2026-05-06-00,abcxy132507974.07jhjhdks080186527490.0
1780000000000.0,-104,-5.5,21.91143751,105.6659245,T?nh Thái Nguyên,XÃ£ PhÆ°á»£ng Tiáº¿n,2026-05-06-00,abcxy132507974.07jhjhdks080186527490.0
1780000000000.0,-97,-5.5,21.91148043,105.6659245,T?nh Thái Nguyên,XÃ£ PhÆ°á»£ng Tiáº¿n,2026-05-06-00,abcxy132507974.07jhjhdks080186527490.0
1780000000000.0,-99,-8.0,21.91144824,105.6659245,T?nh Thái Nguyên,XÃ£ PhÆ°á»£ng Tiáº¿n,2026-05-06-00,abcxy132507974.07jhjhdks080186527490.0
1780000000000.0,-102,-5.0,21.91143751,105.6659245,T?nh Thái Nguyên,XÃ£ PhÆ°á»£ng Tiáº¿n,2026-05-06-00,abcxy132507974.07jhjhdks080186527490.0
1780000000000.0,-101,-5.5,21.91143751,105.6659245,T?nh Thái Nguyên,XÃ£ PhÆ°á»£ng Tiáº¿n,2026-05-06-00,abcxy132507974.07jhjhdks080186527490.0
1780000000000.0,-100,-7.0,21.91144824,105.6659245,T?nh Thái Nguyên,XÃ£ PhÆ°á»£ng Tiáº¿n,2026-05-06-00,abcxy132507974.07jhjhdks080186527490.0
1780000000000.0,-101,-6.5,21.91148043,105.665946,T?nh Thái Nguyên,XÃ£ PhÆ°á»£ng Tiáº¿n,2026-05-06-00,abcxy132507974.07jhjhdks080186527490.0
1780000000000.0,-102,-7.5,21.91144824,105.6659245,T?nh Thái Nguyên,XÃ£ PhÆ°á»£ng Tiáº¿n,2026-05-06-00,abcxy132507974.07jhjhdks080186527490.0
1780000000000.0,-101,-5.5,21.91143751,105.6659245,T?nh Thái Nguyên,XÃ£ PhÆ°á»£ng Tiáº¿n,2026-05-06-00,abcxy132507974.07jhjhdks080186527490.0
1780000000000.0,-104,-5.5,21.91143751,105.6659245,T?nh Thái Nguyên,XÃ£ PhÆ°á»£ng Tiáº¿n,2026-05-06-00,abcxy132507974.07jhjhdks080186527490.0
1780000000000.0,-101,-7.5,21.91144824,105.6659245,T?nh Thái Nguyên,XÃ£ PhÆ°á»£ng Tiáº¿n,2026-05-06-00,abcxy132507974.07jhjhdks080186527490.0
1780000000000.0,-102,-7.0,21.91144824,105.6659245,T?nh Thái Nguyên,XÃ£ PhÆ°á»£ng Tiáº¿n,2026-05-06-00,abcxy132507974.07jhjhdks080186527490.0
1780000000000.0,-104,-3.5,21.91534281,105.6830049,T?nh Thái Nguyên,XÃ£ PhÆ°á»£ng Tiáº¿n,2026-05-06-00,abcxy132507975.04jhjhdks080186527490.0
1780000000000.0,-88,-11.0,21.43668652,105.8817458,T?nh Thái Nguyên,PhÆ°á» ng Phá»• YÃªn,2026-05-06-00,abcxy132518223.69jhjhdks080186541920.0
1780000000000.0,-95,-12.5,21.44429326,105.8852005,T?nh Thái Nguyên,PhÆ°á» ng Phá»• YÃªn,2026-05-06-00,abcxy132518223.69jhjhdks080186541920.0
1780000000000.0,-102,-8.5,21.43657923,105.8784628,T?nh Thái Nguyên,PhÆ°á» ng Phá»• YÃªn,2026-05-06-00,abcxy132518225.64jhjhdks080186541920.0
1780000000000.0,-92,-9.5,21.59063458,105.8098841,T?nh Thái Nguyên,PhÆ°á» ng Quyáº¿t Tháº¯ng,2026-05-06-00,abcxy132519490.0jhjhdks080186543700.0
1780000000000.0,-99,-11.5,21.59062386,105.8098841,T?nh Thái Nguyên,PhÆ°á» ng Quyáº¿t Tháº¯ng,2026-05-06-00,abcxy132519490.0jhjhdks080186543700.0
1780000000000.0,-95,-6.5,21.59058094,105.8099484,T?nh Thái Nguyên,PhÆ°á» ng Quyáº¿t Tháº¯ng,2026-05-06-00,abcxy132519490.0jhjhdks080186543700.0
1780000000000.0,-99,-9.5,21.59064531,105.8099055,T?nh Thái Nguyên,PhÆ°á» ng Quyáº¿t Tháº¯ng,2026-05-06-00,abcxy132519490.0jhjhdks080186543700.0
1780000000000.0,-89,-9.0,21.59062386,105.8098841,T?nh Thái Nguyên,PhÆ°á» ng Quyáº¿t Tháº¯ng,2026-05-06-00,abcxy132519490.0jhjhdks080186543700.0
1780000000000.0,-91,-10.0,21.59065604,105.8098841,T?nh Thái Nguyên,PhÆ°á» ng Quyáº¿t Tháº¯ng,2026-05-06-00,abcxy132519490.0jhjhdks080186543700.0
1780000000000.0,-97,-10.0,21.59065604,105.8098626,T?nh Thái Nguyên,PhÆ°á» ng Quyáº¿t Tháº¯ng,2026-05-06-00,abcxy132519490.0jhjhdks080186543700.0
1780000000000.0,-90,-9.0,21.59058094,105.8099484,T?nh Thái Nguyên,PhÆ°á» ng Quyáº¿t Tháº¯ng,2026-05-06-00,abcxy132519490.0jhjhdks080186543700.0
1780000000000.0,-93,-11.5,21.59064531,105.8099055,T?nh Thái Nguyên,PhÆ°á» ng Quyáº¿t Tháº¯ng,2026-05-06-00,abcxy132519490.0jhjhdks080186543700.0
1780000000000.0,-93,-8.5,21.59065604,105.8098841,T?nh Thái Nguyên,PhÆ°á» ng Quyáº¿t Tháº¯ng,2026-05-06-00,abcxy132519490.0jhjhdks080186543700.0
1780000000000.0,-89,-8.5,21.59064531,105.8099055,T?nh Thái Nguyên,PhÆ°á» ng Quyáº¿t Tháº¯ng,2026-05-06-00,abcxy132519490.0jhjhdks080186543700.0
1780000000000.0,-98,-10.0,21.59063458,105.8098841,T?nh Thái Nguyên,PhÆ°á» ng Quyáº¿t Tháº¯ng,2026-05-06-00,abcxy132519490.0jhjhdks080186543700.0
1780000000000.0,-101,-10.5,21.59063458,105.8098841,T?nh Thái Nguyên,PhÆ°á» ng Quyáº¿t Tháº¯ng,2026-05-06-00,abcxy132519490.0jhjhdks080186543700.0
1780000000000.0,-93,-10.5,21.59065604,105.8098841,T?nh Thái Nguyên,PhÆ°á» ng Quyáº¿t Tháº¯ng,2026-05-06-00,abcxy132519490.0jhjhdks080186543700.0
1780000000000.0,-95,-10.5,21.59065604,105.8098841,T?nh Thái Nguyên,PhÆ°á» ng Quyáº¿t Tháº¯ng,2026-05-06-00,abcxy132519490.0jhjhdks080186543700.0
1780000000000.0,-97,-10.5,21.59065604,105.8098626,T?nh Thái Nguyên,PhÆ°á» ng Quyáº¿t Tháº¯ng,2026-05-06-00,abcxy132519490.0jhjhdks080186543700.0
1780000000000.0,-99,-7.0,21.59065604,105.8098626,T?nh Thái Nguyên,PhÆ°á» ng Quyáº¿t Tháº¯ng,2026-05-06-00,abcxy132519490.0jhjhdks080186543700.0
1780000000000.0,-91,-8.5,21.59062386,105.8098841,T?nh Thái Nguyên,PhÆ°á» ng Quyáº¿t Tháº¯ng,2026-05-06-00,abcxy132519490.0jhjhdks080186543700.0
1780000000000.0,-96,-9.5,21.59062386,105.8098841,T?nh Thái Nguyên,PhÆ°á» ng Quyáº¿t Tháº¯ng,2026-05-06-00,abcxy132519490.0jhjhdks080186543700.0
1780000000000.0,-91,-9.5,21.59064531,105.8099055,T?nh Thái Nguyên,PhÆ°á» ng Quyáº¿t Tháº¯ng,2026-05-06-00,abcxy132519490.0jhjhdks080186543700.0
1780000000000.0,-87,-13.5,21.58686876,105.813725,T?nh Thái Nguyên,PhÆ°á» ng Quyáº¿t Tháº¯ng,2026-05-06-00,abcxy132519490.0jhjhdks080186543700.0
1780000000000.0,-94,-8.5,21.59058094,105.8099484,T?nh Thái Nguyên,PhÆ°á» ng Quyáº¿t Tháº¯ng,2026-05-06-00,abcxy132519490.0jhjhdks080186543700.0
1780000000000.0,-92,-11.0,21.59062386,105.8098841,T?nh Thái Nguyên,PhÆ°á» ng Quyáº¿t Tháº¯ng,2026-05-06-00,abcxy132519490.0jhjhdks080186543700.0
1780000000000.0,-92,-9.5,21.59063458,105.8098841,T?nh Thái Nguyên,PhÆ°á» ng Quyáº¿t Tháº¯ng,2026-05-06-00,abcxy132519490.0jhjhdks080186543700.0
1780000000000.0,-94,-10.5,21.59065604,105.8098841,T?nh Thái Nguyên,PhÆ°á» ng Quyáº¿t Tháº¯ng,2026-05-06-00,abcxy132519490.0jhjhdks080186543700.0
1780000000000.0,-95,-8.0,21.59070969,105.8098412,T?nh Thái Nguyên,PhÆ°á» ng Quyáº¿t Tháº¯ng,2026-05-06-00,abcxy132519490.0jhjhdks080186543700.0
1780000000000.0,-96,-13.0,21.59065604,105.8098626,T?nh Thái Nguyên,PhÆ°á» ng Quyáº¿t Tháº¯ng,2026-05-06-00,abcxy132519490.0jhjhdks080186543700.0
1780000000000.0,-90,-10.5,21.59063458,105.8098841,T?nh Thái Nguyên,PhÆ°á» ng Quyáº¿t Tháº¯ng,2026-05-06-00,abcxy132519490.0jhjhdks080186543700.0
1780000000000.0,-91,-13.0,21.58831716,105.8164716,T?nh Thái Nguyên,PhÆ°á» ng Quyáº¿t Tháº¯ng,2026-05-06-00,abcxy132519490.0jhjhdks080186543700.0
1780000000000.0,-94,-9.5,21.59065604,105.8098841,T?nh Thái Nguyên,PhÆ°á» ng Quyáº¿t Tháº¯ng,2026-05-06-00,abcxy132519490.0jhjhdks080186543700.0
1780000000000.0,-91,-10.0,21.59065604,105.8098841,T?nh Thái Nguyên,PhÆ°á» ng Quyáº¿t Tháº¯ng,2026-05-06-00,abcxy132519490.0jhjhdks080186543700.0
1780000000000.0,-95,-12.5,21.59070969,105.8098412,T?nh Thái Nguyên,PhÆ°á» ng Quyáº¿t Tháº¯ng,2026-05-06-00,abcxy132519490.0jhjhdks080186543700.0
1780000000000.0,-93,-12.5,21.59065604,105.8098626,T?nh Thái Nguyên,PhÆ°á» ng Quyáº¿t Tháº¯ng,2026-05-06-00,abcxy132519490.0jhjhdks080186543700.0
1780000000000.0,-94,-9.5,21.59065604,105.8098841,T?nh Thái Nguyên,PhÆ°á» ng Quyáº¿t Tháº¯ng,2026-05-06-00,abcxy132519490.0jhjhdks080186543700.0
1780000000000.0,-95,-8.5,21.59065604,105.8098626,T?nh Thái Nguyên,PhÆ°á» ng Quyáº¿t Tháº¯ng,2026-05-06-00,abcxy132519490.0jhjhdks080186543700.0
1780000000000.0,-90,-11.5,21.59058094,105.8099484,T?nh Thái Nguyên,PhÆ°á» ng Quyáº¿t Tháº¯ng,2026-05-06-00,abcxy132519490.0jhjhdks080186543700.0
1780000000000.0,-96,-11.5,21.59062386,105.8098841,T?nh Thái Nguyên,PhÆ°á» ng Quyáº¿t Tháº¯ng,2026-05-06-00,abcxy132519490.0jhjhdks080186543700.0
1780000000000.0,-96,-9.5,21.59062386,105.8098841,T?nh Thái Nguyên,PhÆ°á» ng Quyáº¿t Tháº¯ng,2026-05-06-00,abcxy132519490.0jhjhdks080186543700.0
1780000000000.0,-97,-10.0,21.59065604,105.8098626,T?nh Thái Nguyên,PhÆ°á» ng Quyáº¿t Tháº¯ng,2026-05-06-00,abcxy132519490.0jhjhdks080186543700.0
1780000000000.0,-97,-10.0,21.59065604,105.8098626,T?nh Thái Nguyên,PhÆ°á» ng Quyáº¿t Tháº¯ng,2026-05-06-00,abcxy132519490.0jhjhdks080186543700.0
1780000000000.0,-90,-10.0,21.59065604,105.8098626,T?nh Thái Nguyên,PhÆ°á» ng Quyáº¿t Tháº¯ng,2026-05-06-00,abcxy132519490.0jhjhdks080186543700.0
1780000000000.0,-92,-11.0,21.59064531,105.8099055,T?nh Thái Nguyên,PhÆ°á» ng Quyáº¿t Tháº¯ng,2026-05-06-00,abcxy132519490.0jhjhdks080186543700.0
1780000000000.0,-94,-12.0,21.59135342,105.8102274,T?nh Thái Nguyên,PhÆ°á» ng Quyáº¿t Tháº¯ng,2026-05-06-00,abcxy132519490.0jhjhdks080186543700.0
1780000000000.0,-91,-11.5,21.59064531,105.8099055,T?nh Thái Nguyên,PhÆ°á» ng Quyáº¿t Tháº¯ng,2026-05-06-00,abcxy132519490.0jhjhdks080186543700.0
1780000000000.0,-93,-13.0,21.58670783,105.8137465,T?nh Thái Nguyên,PhÆ°á» ng Quyáº¿t Tháº¯ng,2026-05-06-00,abcxy132519490.0jhjhdks080186543700.0
1780000000000.0,-98,-11.5,21.59065604,105.8098626,T?nh Thái Nguyên,PhÆ°á» ng Quyáº¿t Tháº¯ng,2026-05-06-00,abcxy132519490.0jhjhdks080186543700.0
1780000000000.0,-96,-9.5,21.59062386,105.8098841,T?nh Thái Nguyên,PhÆ°á» ng Quyáº¿t Tháº¯ng,2026-05-06-00,abcxy132519490.0jhjhdks080186543700.0
1780000000000.0,-91,-8.5,21.59062386,105.8098841,T?nh Thái Nguyên,PhÆ°á» ng Quyáº¿t Tháº¯ng,2026-05-06-00,abcxy132519490.0jhjhdks080186543700.0
1780000000000.0,-90,-8.5,21.59062386,105.8098841,T?nh Thái Nguyên,PhÆ°á» ng Quyáº¿t Tháº¯ng,2026-05-06-00,abcxy132519490.0jhjhdks080186543700.0
1780000000000.0,-87,-9.0,21.59058094,105.8099484,T?nh Thái Nguyên,PhÆ°á» ng Quyáº¿t Tháº¯ng,2026-05-06-00,abcxy132519490.0jhjhdks080186543700.0
1780000000000.0,-89,-9.5,21.59058094,105.8099484,T?nh Thái Nguyên,PhÆ°á» ng Quyáº¿t Tháº¯ng,2026-05-06-00,abcxy132519490.0jhjhdks080186543700.0
1780000000000.0,-96,-10.5,21.59065604,105.8098626,T?nh Thái Nguyên,PhÆ°á» ng Quyáº¿t Tháº¯ng,2026-05-06-00,abcxy132519490.0jhjhdks080186543700.0
1780000000000.0,-99,-12.5,21.59065604,105.8098626,T?nh Thái Nguyên,PhÆ°á» ng Quyáº¿t Tháº¯ng,2026-05-06-00,abcxy132519490.0jhjhdks080186543700.0
1780000000000.0,-91,-7.0,21.59062386,105.8098841,T?nh Thái Nguyên,PhÆ°á» ng Quyáº¿t Tháº¯ng,2026-05-06-00,abcxy132519490.0jhjhdks080186543700.0
1780000000000.0,-85,-12.0,21.5907526,105.8101416,T?nh Thái Nguyên,PhÆ°á» ng Quyáº¿t Tháº¯ng,2026-05-06-00,abcxy132519490.98jhjhdks080186543700.0
1780000000000.0,-85,-8.0,21.59066677,105.8100343,T?nh Thái Nguyên,PhÆ°á» ng Quyáº¿t Tháº¯ng,2026-05-06-00,abcxy132519490.98jhjhdks080186543700.0
1780000000000.0,-84,-10.5,21.59078479,105.8095622,T?nh Thái Nguyên,PhÆ°á» ng Quyáº¿t Tháº¯ng,2026-05-06-00,abcxy132519490.98jhjhdks080186543700.0
1780000000000.0,-85,-10.5,21.59078479,105.8095622,T?nh Thái Nguyên,PhÆ°á» ng Quyáº¿t Tháº¯ng,2026-05-06-00,abcxy132519490.98jhjhdks080186543700.0
1780000000000.0,-96,-13.0,21.5902698,105.8123517,T?nh Thái Nguyên,PhÆ°á» ng Quyáº¿t Tháº¯ng,2026-05-06-00,abcxy132519490.98jhjhdks080186543700.0
1780000000000.0,-85,-10.0,21.59066677,105.8100343,T?nh Thái Nguyên,PhÆ°á» ng Quyáº¿t Tháº¯ng,2026-05-06-00,abcxy132519490.98jhjhdks080186543700.0
1780000000000.0,-83,-7.5,21.59068823,105.8100557,T?nh Thái Nguyên,PhÆ°á» ng Quyáº¿t Tháº¯ng,2026-05-06-00,abcxy132519490.98jhjhdks080186543700.0
1780000000000.0,-83,-13.0,21.59085989,105.8100343,T?nh Thái Nguyên,PhÆ°á» ng Quyáº¿t Tháº¯ng,2026-05-06-00,abcxy132519490.98jhjhdks080186543700.0
1780000000000.0,-85,-13.0,21.5907526,105.8101416,T?nh Thái Nguyên,PhÆ°á» ng Quyáº¿t Tháº¯ng,2026-05-06-00,abcxy132519490.98jhjhdks080186543700.0
1780000000000.0,-86,-10.5,21.59085989,105.8100343,T?nh Thái Nguyên,PhÆ°á» ng Quyáº¿t Tháº¯ng,2026-05-06-00,abcxy132519490.98jhjhdks080186543700.0
1780000000000.0,-84,-13.0,21.5907526,105.8101416,T?nh Thái Nguyên,PhÆ°á» ng Quyáº¿t Tháº¯ng,2026-05-06-00,abcxy132519490.98jhjhdks080186543700.0
1780000000000.0,-85,-12.5,21.5907526,105.8101416,T?nh Thái Nguyên,PhÆ°á» ng Quyáº¿t Tháº¯ng,2026-05-06-00,abcxy132519490.98jhjhdks080186543700.0
1780000000000.0,-86,-10.5,21.59081697,105.8097768,T?nh Thái Nguyên,PhÆ°á» ng Quyáº¿t Tháº¯ng,2026-05-06-00,abcxy132519490.98jhjhdks080186543700.0
1780000000000.0,-85,-11.5,21.5907526,105.8101416,T?nh Thái Nguyên,PhÆ°á» ng Quyáº¿t Tháº¯ng,2026-05-06-00,abcxy132519490.98jhjhdks080186543700.0
1780000000000.0,-85,-12.5,21.5907526,105.8101416,T?nh Thái Nguyên,PhÆ°á» ng Quyáº¿t Tháº¯ng,2026-05-06-00,abcxy132519490.98jhjhdks080186543700.0
1780000000000.0,-71,-9.0,21.59239411,105.8081245,T?nh Thái Nguyên,PhÆ°á» ng Quyáº¿t Tháº¯ng,2026-05-06-00,abcxy132519499.76jhjhdks080186543720.0
1780000000000.0,-94,-14.0,21.59310222,105.8093262,T?nh Thái Nguyên,PhÆ°á» ng Quyáº¿t Tháº¯ng,2026-05-06-00,abcxy132519499.76jhjhdks080186543720.0
1780000000000.0,-101,-16.5,21.59307003,105.8092833,T?nh Thái Nguyên,PhÆ°á» ng Quyáº¿t Tháº¯ng,2026-05-06-00,abcxy132519499.76jhjhdks080186543720.0
1780000000000.0,-74,-8.0,21.59244776,105.8080173,T?nh Thái Nguyên,PhÆ°á» ng Quyáº¿t Tháº¯ng,2026-05-06-00,abcxy132519499.76jhjhdks080186543720.0
1780000000000.0,-74,-8.5,21.59244776,105.8080816,T?nh Thái Nguyên,PhÆ°á» ng Quyáº¿t Tháº¯ng,2026-05-06-00,abcxy132519499.76jhjhdks080186543720.0
1780000000000.0,-96,-13.0,21.59307003,105.8093262,T?nh Thái Nguyên,PhÆ°á» ng Quyáº¿t Tháº¯ng,2026-05-06-00,abcxy132519499.76jhjhdks080186543720.0
1780000000000.0,-76,-10.5,21.59244776,105.8080816,T?nh Thái Nguyên,PhÆ°á» ng Quyáº¿t Tháº¯ng,2026-05-06-00,abcxy132519499.76jhjhdks080186543720.0
1780000000000.0,-74,-14.0,21.59245849,105.808146,T?nh Thái Nguyên,PhÆ°á» ng Quyáº¿t Tháº¯ng,2026-05-06-00,abcxy132519499.76jhjhdks080186543720.0
1780000000000.0,-72,-13.5,21.59246922,105.808146,T?nh Thái Nguyên,PhÆ°á» ng Quyáº¿t Tháº¯ng,2026-05-06-00,abcxy132519499.76jhjhdks080186543720.0
1780000000000.0,-101,-17.0,21.59286618,105.8096266,T?nh Thái Nguyên,PhÆ°á» ng Quyáº¿t Tháº¯ng,2026-05-06-00,abcxy132519499.76jhjhdks080186543720.0
1780000000000.0,-72,-13.5,21.59247994,105.8081245,T?nh Thái Nguyên,PhÆ°á» ng Quyáº¿t Tháº¯ng,2026-05-06-00,abcxy132519499.76jhjhdks080186543720.0
1780000000000.0,-97,-11.0,21.59307003,105.8093262,T?nh Thái Nguyên,PhÆ°á» ng Quyáº¿t Tháº¯ng,2026-05-06-00,abcxy132519499.76jhjhdks080186543720.0
1780000000000.0,-95,-14.5,21.59307003,105.8093262,T?nh Thái Nguyên,PhÆ°á» ng Quyáº¿t Tháº¯ng,2026-05-06-00,abcxy132519499.76jhjhdks080186543720.0
1780000000000.0,-72,-14.0,21.59245849,105.808146,T?nh Thái Nguyên,PhÆ°á» ng Quyáº¿t Tháº¯ng,2026-05-06-00,abcxy132519499.76jhjhdks080186543720.0
1780000000000.0,-77,-9.0,21.59244776,105.8080387,T?nh Thái Nguyên,PhÆ°á» ng Quyáº¿t Tháº¯ng,2026-05-06-00,abcxy132519499.76jhjhdks080186543720.0
1780000000000.0,-71,-15.5,21.59245849,105.808146,T?nh Thái Nguyên,PhÆ°á» ng Quyáº¿t Tháº¯ng,2026-05-06-00,abcxy132519499.76jhjhdks080186543720.0
1780000000000.0,-72,-10.0,21.59243703,105.8080816,T?nh Thái Nguyên,PhÆ°á» ng Quyáº¿t Tháº¯ng,2026-05-06-00,abcxy132519499.76jhjhdks080186543720.0
1780000000000.0,-96,-12.0,21.59310222,105.8093262,T?nh Thái Nguyên,PhÆ°á» ng Quyáº¿t Tháº¯ng,2026-05-06-00,abcxy132519499.76jhjhdks080186543720.0
1780000000000.0,-71,-13.5,21.59244776,105.8081245,T?nh Thái Nguyên,PhÆ°á» ng Quyáº¿t Tháº¯ng,2026-05-06-00,abcxy132519499.76jhjhdks080186543720.0
1780000000000.0,-96,-13.5,21.59308076,105.8062148,T?nh Thái Nguyên,PhÆ°á» ng Quyáº¿t Tháº¯ng,2026-05-06-00,abcxy132519499.76jhjhdks080186543720.0
1780000000000.0,-74,-8.0,21.59244776,105.8080173,T?nh Thái Nguyên,PhÆ°á» ng Quyáº¿t Tháº¯ng,2026-05-06-00,abcxy132519499.76jhjhdks080186543720.0
1780000000000.0,-76,-8.0,21.59244776,105.8080173,T?nh Thái Nguyên,PhÆ°á» ng Quyáº¿t Tháº¯ng,2026-05-06-00,abcxy132519499.76jhjhdks080186543720.0
1780000000000.0,-75,-13.5,21.59244776,105.8080816,T?nh Thái Nguyên,PhÆ°á» ng Quyáº¿t Tháº¯ng,2026-05-06-00,abcxy132519499.76jhjhdks080186543720.0
1780000000000.0,-73,-9.0,21.59244776,105.8080173,T?nh Thái Nguyên,PhÆ°á» ng Quyáº¿t Tháº¯ng,2026-05-06-00,abcxy132519499.76jhjhdks080186543720.0
1780000000000.0,-79,-10.0,21.59244776,105.8080387,T?nh Thái Nguyên,PhÆ°á» ng Quyáº¿t Tháº¯ng,2026-05-06-00,abcxy132519499.76jhjhdks080186543720.0
1780000000000.0,-100,-15.5,21.59286618,105.8096266,T?nh Thái Nguyên,PhÆ°á» ng Quyáº¿t Tháº¯ng,2026-05-06-00,abcxy132519499.76jhjhdks080186543720.0
1780000000000.0,-72,-10.5,21.59249067,105.8080173,T?nh Thái Nguyên,PhÆ°á» ng Quyáº¿t Tháº¯ng,2026-05-06-00,abcxy132519499.76jhjhdks080186543720.0
1780000000000.0,-75,-11.0,21.59246922,105.8081031,T?nh Thái Nguyên,PhÆ°á» ng Quyáº¿t Tháº¯ng,2026-05-06-00,abcxy132519499.76jhjhdks080186543720.0
1780000000000.0,-95,-11.0,21.59310222,105.8093262,T?nh Thái Nguyên,PhÆ°á» ng Quyáº¿t Tháº¯ng,2026-05-06-00,abcxy132519499.76jhjhdks080186543720.0
1780000000000.0,-98,-16.0,21.59286618,105.8096266,T?nh Thái Nguyên,PhÆ°á» ng Quyáº¿t Tháº¯ng,2026-05-06-00,abcxy132519499.76jhjhdks080186543720.0
1780000000000.0,-74,-12.5,21.59245849,105.8081031,T?nh Thái Nguyên,PhÆ°á» ng Quyáº¿t Tháº¯ng,2026-05-06-00,abcxy132519499.76jhjhdks080186543720.0
1780000000000.0,-76,-12.0,21.59245849,105.8081245,T?nh Thái Nguyên,PhÆ°á» ng Quyáº¿t Tháº¯ng,2026-05-06-00,abcxy132519499.76jhjhdks080186543720.0
1780000000000.0,-72,-14.0,21.59246922,105.808146,T?nh Thái Nguyên,PhÆ°á» ng Quyáº¿t Tháº¯ng,2026-05-06-00,abcxy132519499.76jhjhdks080186543720.0
1780000000000.0,-109,-11.0,21.59310222,105.8092833,T?nh Thái Nguyên,PhÆ°á» ng Quyáº¿t Tháº¯ng,2026-05-06-00,abcxy132519499.76jhjhdks080186543720.0
1780000000000.0,-95,-17.5,21.59309149,105.8093262,T?nh Thái Nguyên,PhÆ°á» ng Quyáº¿t Tháº¯ng,2026-05-06-00,abcxy132519499.76jhjhdks080186543720.0
1780000000000.0,-95,-17.5,21.59307003,105.8093262,T?nh Thái Nguyên,PhÆ°á» ng Quyáº¿t Tháº¯ng,2026-05-06-00,abcxy132519499.76jhjhdks080186543720.0
1780000000000.0,-97,-19.5,21.59304857,105.8061719,T?nh Thái Nguyên,PhÆ°á» ng Quyáº¿t Tháº¯ng,2026-05-06-00,abcxy132519499.76jhjhdks080186543720.0
1780000000000.0,-73,-11.5,21.59247994,105.8081245,T?nh Thái Nguyên,PhÆ°á» ng Quyáº¿t Tháº¯ng,2026-05-06-00,abcxy132519499.76jhjhdks080186543720.0
1780000000000.0,-95,-17.0,21.59307003,105.8093262,T?nh Thái Nguyên,PhÆ°á» ng Quyáº¿t Tháº¯ng,2026-05-06-00,abcxy132519499.76jhjhdks080186543720.0
1780000000000.0,-70,-10.5,21.59240484,105.8080602,T?nh Thái Nguyên,PhÆ°á» ng Quyáº¿t Tháº¯ng,2026-05-06-00,abcxy132519499.76jhjhdks080186543720.0
1780000000000.0,-72,-9.5,21.59244776,105.8080816,T?nh Thái Nguyên,PhÆ°á» ng Quyáº¿t Tháº¯ng,2026-05-06-00,abcxy132519499.76jhjhdks080186543720.0
1780000000000.0,-101,-17.0,21.59307003,105.8092833,T?nh Thái Nguyên,PhÆ°á» ng Quyáº¿t Tháº¯ng,2026-05-06-00,abcxy132519499.76jhjhdks080186543720.0
1780000000000.0,-76,-5.5,21.5924263,105.8080173,T?nh Thái Nguyên,PhÆ°á» ng Quyáº¿t Tháº¯ng,2026-05-06-00,abcxy132519499.76jhjhdks080186543720.0
1780000000000.0,-96,-12.0,21.59307003,105.8093262,T?nh Thái Nguyên,PhÆ°á» ng Quyáº¿t Tháº¯ng,2026-05-06-00,abcxy132519499.76jhjhdks080186543720.0
1780000000000.0,-101,-11.5,21.59318805,105.8093691,T?nh Thái Nguyên,PhÆ°á» ng Quyáº¿t Tháº¯ng,2026-05-06-00,abcxy132519499.76jhjhdks080186543720.0
1780000000000.0,-99,-14.0,21.59286618,105.8096266,T?nh Thái Nguyên,PhÆ°á» ng Quyáº¿t Tháº¯ng,2026-05-06-00,abcxy132519499.76jhjhdks080186543720.0
1780000000000.0,-96,-17.5,21.59309149,105.8093262,T?nh Thái Nguyên,PhÆ°á» ng Quyáº¿t Tháº¯ng,2026-05-06-00,abcxy132519499.76jhjhdks080186543720.0
1780000000000.0,-75,-10.5,21.59245849,105.808146,T?nh Thái Nguyên,PhÆ°á» ng Quyáº¿t Tháº¯ng,2026-05-06-00,abcxy132519499.76jhjhdks080186543720.0
1780000000000.0,-99,-15.5,21.59286618,105.8096266,T?nh Thái Nguyên,PhÆ°á» ng Quyáº¿t Tháº¯ng,2026-05-06-00,abcxy132519499.76jhjhdks080186543720.0
1780000000000.0,-74,-9.0,21.59244776,105.8080173,T?nh Thái Nguyên,PhÆ°á» ng Quyáº¿t Tháº¯ng,2026-05-06-00,abcxy132519499.76jhjhdks080186543720.0
1780000000000.0,-75,-8.5,21.5924263,105.8080387,T?nh Thái Nguyên,PhÆ°á» ng Quyáº¿t Tháº¯ng,2026-05-06-00,abcxy132519499.76jhjhdks080186543720.0
1780000000000.0,-74,-9.0,21.59244776,105.8080173,T?nh Thái Nguyên,PhÆ°á» ng Quyáº¿t Tháº¯ng,2026-05-06-00,abcxy132519499.76jhjhdks080186543720.0
1780000000000.0,-95,-13.0,21.59310222,105.8093262,T?nh Thái Nguyên,PhÆ°á» ng Quyáº¿t Tháº¯ng,2026-05-06-00,abcxy132519499.76jhjhdks080186543720.0
1780000000000.0,-94,-9.5,21.59308076,105.8062148,T?nh Thái Nguyên,PhÆ°á» ng Quyáº¿t Tháº¯ng,2026-05-06-00,abcxy132519499.76jhjhdks080186543720.0
1780000000000.0,-98,-16.5,21.59309149,105.8093262,T?nh Thái Nguyên,PhÆ°á» ng Quyáº¿t Tháº¯ng,2026-05-06-00,abcxy132519499.76jhjhdks080186543720.0
1780000000000.0,-74,-11.0,21.59245849,105.808146,T?nh Thái Nguyên,PhÆ°á» ng Quyáº¿t Tháº¯ng,2026-05-06-00,abcxy132519499.76jhjhdks080186543720.0
1780000000000.0,-72,-9.5,21.59244776,105.8080816,T?nh Thái Nguyên,PhÆ°á» ng Quyáº¿t Tháº¯ng,2026-05-06-00,abcxy132519499.76jhjhdks080186543720.0
1780000000000.0,-74,-9.5,21.59244776,105.8080173,T?nh Thái Nguyên,PhÆ°á» ng Quyáº¿t Tháº¯ng,2026-05-06-00,abcxy132519499.76jhjhdks080186543720.0
1780000000000.0,-94,-14.5,21.59310222,105.8093262,T?nh Thái Nguyên,PhÆ°á» ng Quyáº¿t Tháº¯ng,2026-05-06-00,abcxy132519499.76jhjhdks080186543720.0
1780000000000.0,-94,-14.5,21.59310222,105.8093262,T?nh Thái Nguyên,PhÆ°á» ng Quyáº¿t Tháº¯ng,2026-05-06-00,abcxy132519499.76jhjhdks080186543720.0
1780000000000.0,-72,-9.0,21.59239411,105.8080816,T?nh Thái Nguyên,PhÆ°á» ng Quyáº¿t Tháº¯ng,2026-05-06-00,abcxy132519499.76jhjhdks080186543720.0
1780000000000.0,-96,-10.5,21.59309149,105.8093262,T?nh Thái Nguyên,PhÆ°á» ng Quyáº¿t Tháº¯ng,2026-05-06-00,abcxy132519499.76jhjhdks080186543720.0
1780000000000.0,-102,-9.0,21.59307003,105.8092833,T?nh Thái Nguyên,PhÆ°á» ng Quyáº¿t Tháº¯ng,2026-05-06-00,abcxy132519499.76jhjhdks080186543720.0
1780000000000.0,-72,-9.0,21.59241557,105.8081245,T?nh Thái Nguyên,PhÆ°á» ng Quyáº¿t Tháº¯ng,2026-05-06-00,abcxy132519499.76jhjhdks080186543720.0
1780000000000.0,-93,-8.5,21.59304857,105.8061504,T?nh Thái Nguyên,PhÆ°á» ng Quyáº¿t Tháº¯ng,2026-05-06-00,abcxy132519499.76jhjhdks080186543720.0
1780000000000.0,-100,-9.5,21.59318805,105.8093691,T?nh Thái Nguyên,PhÆ°á» ng Quyáº¿t Tháº¯ng,2026-05-06-00,abcxy132519499.76jhjhdks080186543720.0
1780000000000.0,-93,-14.0,21.59310222,105.8093262,T?nh Thái Nguyên,PhÆ°á» ng Quyáº¿t Tháº¯ng,2026-05-06-00,abcxy132519499.76jhjhdks080186543720.0
1780000000000.0,-97,-12.0,21.59307003,105.8093262,T?nh Thái Nguyên,PhÆ°á» ng Quyáº¿t Tháº¯ng,2026-05-06-00,abcxy132519499.76jhjhdks080186543720.0
1780000000000.0,-102,-12.5,21.59310222,105.8092833,T?nh Thái Nguyên,PhÆ°á» ng Quyáº¿t Tháº¯ng,2026-05-06-00,abcxy132519499.76jhjhdks080186543720.0
1780000000000.0,-71,-9.5,21.59244776,105.8080387,T?nh Thái Nguyên,PhÆ°á» ng Quyáº¿t Tháº¯ng,2026-05-06-00,abcxy132519499.76jhjhdks080186543720.0
1780000000000.0,-101,-11.5,21.59318805,105.8093691,T?nh Thái Nguyên,PhÆ°á» ng Quyáº¿t Tháº¯ng,2026-05-06-00,abcxy132519499.76jhjhdks080186543720.0
1780000000000.0,-98,-16.5,21.59309149,105.8093262,T?nh Thái Nguyên,PhÆ°á» ng Quyáº¿t Tháº¯ng,2026-05-06-00,abcxy132519499.76jhjhdks080186543720.0
1780000000000.0,-76,-11.0,21.59246922,105.808146,T?nh Thái Nguyên,PhÆ°á» ng Quyáº¿t Tháº¯ng,2026-05-06-00,abcxy132519499.76jhjhdks080186543720.0
1780000000000.0,-102,-18.5,21.59307003,105.8092833,T?nh Thái Nguyên,PhÆ°á» ng Quyáº¿t Tháº¯ng,2026-05-06-00,abcxy132519499.76jhjhdks080186543720.0
1780000000000.0,-95,-11.0,21.59310222,105.8093262,T?nh Thái Nguyên,PhÆ°á» ng Quyáº¿t Tháº¯ng,2026-05-06-00,abcxy132519499.76jhjhdks080186543720.0
1780000000000.0,-95,-14.5,21.59307003,105.8093262,T?nh Thái Nguyên,PhÆ°á» ng Quyáº¿t Tháº¯ng,2026-05-06-00,abcxy132519499.76jhjhdks080186543720.0
1780000000000.0,-74,-12.5,21.59246922,105.808146,T?nh Thái Nguyên,PhÆ°á» ng Quyáº¿t Tháº¯ng,2026-05-06-00,abcxy132519499.76jhjhdks080186543720.0
1780000000000.0,-98,-11.0,21.59286618,105.8096266,T?nh Thái Nguyên,PhÆ°á» ng Quyáº¿t Tháº¯ng,2026-05-06-00,abcxy132519499.76jhjhdks080186543720.0
1780000000000.0,-70,-15.0,21.5924263,105.8080602,T?nh Thái Nguyên,PhÆ°á» ng Quyáº¿t Tháº¯ng,2026-05-06-00,abcxy132519499.76jhjhdks080186543720.0
1780000000000.0,-98,-14.0,21.59286618,105.8096266,T?nh Thái Nguyên,PhÆ°á» ng Quyáº¿t Tháº¯ng,2026-05-06-00,abcxy132519499.76jhjhdks080186543720.0
1780000000000.0,-97,-13.0,21.59307003,105.8092833,T?nh Thái Nguyên,PhÆ°á» ng Quyáº¿t Tháº¯ng,2026-05-06-00,abcxy132519499.76jhjhdks080186543720.0
1780000000000.0,-75,-11.5,21.59245849,105.8081245,T?nh Thái Nguyên,PhÆ°á» ng Quyáº¿t Tháº¯ng,2026-05-06-00,abcxy132519499.76jhjhdks080186543720.0
1780000000000.0,-93,-15.5,21.59303784,105.8062148,T?nh Thái Nguyên,PhÆ°á» ng Quyáº¿t Tháº¯ng,2026-05-06-00,abcxy132519499.76jhjhdks080186543720.0
1780000000000.0,-98,-12.5,21.59307003,105.8092833,T?nh Thái Nguyên,PhÆ°á» ng Quyáº¿t Tháº¯ng,2026-05-06-00,abcxy132519499.76jhjhdks080186543720.0
1780000000000.0,-97,-18.5,21.59308076,105.8062148,T?nh Thái Nguyên,PhÆ°á» ng Quyáº¿t Tháº¯ng,2026-05-06-00,abcxy132519499.76jhjhdks080186543720.0
1780000000000.0,-75,-17.0,21.59245849,105.8081245,T?nh Thái Nguyên,PhÆ°á» ng Quyáº¿t Tháº¯ng,2026-05-06-00,abcxy132519499.76jhjhdks080186543720.0
1780000000000.0,-90,-12.5,21.59310222,105.8092833,T?nh Thái Nguyên,PhÆ°á» ng Quyáº¿t Tháº¯ng,2026-05-06-00,abcxy132519499.76jhjhdks080186543720.0
1780000000000.0,-75,-12.0,21.5925014,105.8080173,T?nh Thái Nguyên,PhÆ°á» ng Quyáº¿t Tháº¯ng,2026-05-06-00,abcxy132519499.76jhjhdks080186543720.0
1780000000000.0,-72,-11.0,21.59244776,105.8080816,T?nh Thái Nguyên,PhÆ°á» ng Quyáº¿t Tháº¯ng,2026-05-06-00,abcxy132519499.76jhjhdks080186543720.0
1780000000000.0,-75,-15.0,21.59246922,105.808146,T?nh Thái Nguyên,PhÆ°á» ng Quyáº¿t Tháº¯ng,2026-05-06-00,abcxy132519499.76jhjhdks080186543720.0
1780000000000.0,-74,-11.5,21.59246922,105.808146,T?nh Thái Nguyên,PhÆ°á» ng Quyáº¿t Tháº¯ng,2026-05-06-00,abcxy132519499.76jhjhdks080186543720.0
1780000000000.0,-101,-17.0,21.59286618,105.8096266,T?nh Thái Nguyên,PhÆ°á» ng Quyáº¿t Tháº¯ng,2026-05-06-00,abcxy132519499.76jhjhdks080186543720.0
1780000000000.0,-72,-12.5,21.59244776,105.8080816,T?nh Thái Nguyên,PhÆ°á» ng Quyáº¿t Tháº¯ng,2026-05-06-00,abcxy132519499.76jhjhdks080186543720.0
1780000000000.0,-100,-15.5,21.59286618,105.8096266,T?nh Thái Nguyên,PhÆ°á» ng Quyáº¿t Tháº¯ng,2026-05-06-00,abcxy132519499.76jhjhdks080186543720.0
1780000000000.0,-97,-10.0,21.59307003,105.8093262,T?nh Thái Nguyên,PhÆ°á» ng Quyáº¿t Tháº¯ng,2026-05-06-00,abcxy132519499.76jhjhdks080186543720.0
1780000000000.0,-102,-12.5,21.59307003,105.8092833,T?nh Thái Nguyên,PhÆ°á» ng Quyáº¿t Tháº¯ng,2026-05-06-00,abcxy132519499.76jhjhdks080186543720.0
1780000000000.0,-95,-16.5,21.59310222,105.8093262,T?nh Thái Nguyên,PhÆ°á» ng Quyáº¿t Tháº¯ng,2026-05-06-00,abcxy132519499.76jhjhdks080186543720.0
1780000000000.0,-88,-7.5,21.59310222,105.8092833,T?nh Thái Nguyên,PhÆ°á» ng Quyáº¿t Tháº¯ng,2026-05-06-00,abcxy132519499.76jhjhdks080186543720.0
1780000000000.0,-75,-10.0,21.59245849,105.808146,T?nh Thái Nguyên,PhÆ°á» ng Quyáº¿t Tháº¯ng,2026-05-06-00,abcxy132519499.76jhjhdks080186543720.0
1780000000000.0,-70,-15.5,21.59245849,105.8081245,T?nh Thái Nguyên,PhÆ°á» ng Quyáº¿t Tháº¯ng,2026-05-06-00,abcxy132519499.76jhjhdks080186543720.0
1780000000000.0,-71,-5.5,21.59240484,105.8080602,T?nh Thái Nguyên,PhÆ°á» ng Quyáº¿t Tháº¯ng,2026-05-06-00,abcxy132519499.76jhjhdks080186543720.0
1780000000000.0,-109,-11.0,21.59310222,105.8092833,T?nh Thái Nguyên,PhÆ°á» ng Quyáº¿t Tháº¯ng,2026-05-06-00,abcxy132519499.76jhjhdks080186543720.0
1780000000000.0,-96,-14.5,21.59310222,105.8093262,T?nh Thái Nguyên,PhÆ°á» ng Quyáº¿t Tháº¯ng,2026-05-06-00,abcxy132519499.76jhjhdks080186543720.0
1780000000000.0,-96,-10.0,21.59310222,105.8092833,T?nh Thái Nguyên,PhÆ°á» ng Quyáº¿t Tháº¯ng,2026-05-06-00,abcxy132519499.76jhjhdks080186543720.0
1780000000000.0,-67,-10.5,21.59243703,105.8080602,T?nh Thái Nguyên,PhÆ°á» ng Quyáº¿t Tháº¯ng,2026-05-06-00,abcxy132519499.76jhjhdks080186543720.0
1780000000000.0,-95,-14.0,21.59309149,105.8093262,T?nh Thái Nguyên,PhÆ°á» ng Quyáº¿t Tháº¯ng,2026-05-06-00,abcxy132519499.76jhjhdks080186543720.0
1780000000000.0,-103,-8.5,21.59363866,105.8061719,T?nh Thái Nguyên,PhÆ°á» ng Quyáº¿t Tháº¯ng,2026-05-06-00,abcxy132519500.74jhjhdks080186543720.0
1780000000000.0,-97,-12.0,21.59307003,105.8093262,T?nh Thái Nguyên,PhÆ°á» ng Quyáº¿t Tháº¯ng,2026-05-06-00,abcxy132519500.74jhjhdks080186543720.0
1780000000000.0,-98,-11.0,21.59340262,105.8079743,T?nh Thái Nguyên,PhÆ°á» ng Quyáº¿t Tháº¯ng,2026-05-06-00,abcxy132519500.74jhjhdks080186543720.0
1780000000000.0,-87,-11.5,21.59386396,105.8078027,T?nh Thái Nguyên,PhÆ°á» ng Quyáº¿t Tháº¯ng,2026-05-06-00,abcxy132519500.74jhjhdks080186543720.0
1780000000000.0,-95,-9.5,21.59288764,105.8092189,T?nh Thái Nguyên,PhÆ°á» ng Quyáº¿t Tháº¯ng,2026-05-06-00,abcxy132519500.74jhjhdks080186543720.0
1780000000000.0,-99,-10.0,21.59338117,105.8064294,T?nh Thái Nguyên,PhÆ°á» ng Quyáº¿t Tháº¯ng,2026-05-06-00,abcxy132519500.74jhjhdks080186543720.0
1780000000000.0,-82,-14.5,21.59386396,105.8078456,T?nh Thái Nguyên,PhÆ°á» ng Quyáº¿t Tháº¯ng,2026-05-06-00,abcxy132519500.74jhjhdks080186543720.0
1780000000000.0,-99,-15.5,21.59288764,105.8092189,T?nh Thái Nguyên,PhÆ°á» ng Quyáº¿t Tháº¯ng,2026-05-06-00,abcxy132519500.74jhjhdks080186543720.0
1780000000000.0,-87,-11.0,21.59386396,105.8078027,T?nh Thái Nguyên,PhÆ°á» ng Quyáº¿t Tháº¯ng,2026-05-06-00,abcxy132519500.74jhjhdks080186543720.0
1780000000000.0,-89,-11.0,21.45372391,105.884192,T?nh Thái Nguyên,PhÆ°á» ng Phá»• YÃªn,2026-05-06-00,abcxy132522222.77jhjhdks080186547550.0
1780000000000.0,-83,-6.5,21.45371318,105.884192,T?nh Thái Nguyên,PhÆ°á» ng Phá»• YÃªn,2026-05-06-00,abcxy132522222.77jhjhdks080186547550.0
1780000000000.0,-81,-7.5,21.44894958,105.8844924,T?nh Thái Nguyên,PhÆ°á» ng Phá»• YÃªn,2026-05-06-00,abcxy132522222.77jhjhdks080186547550.0
1780000000000.0,-89,-11.0,21.45592332,105.8843207,T?nh Thái Nguyên,PhÆ°á» ng Phá»• YÃªn,2026-05-06-00,abcxy132522222.77jhjhdks080186547550.0
1780000000000.0,-85,-11.5,21.4532733,105.8841491,T?nh Thái Nguyên,PhÆ°á» ng Phá»• YÃªn,2026-05-06-00,abcxy132522222.77jhjhdks080186547550.0
1780000000000.0,-77,-6.5,21.45029068,105.8836555,T?nh Thái Nguyên,PhÆ°á» ng Phá»• YÃªn,2026-05-06-00,abcxy132522222.77jhjhdks080186547550.0
1780000000000.0,-83,-6.5,21.45158887,105.884192,T?nh Thái Nguyên,PhÆ°á» ng Phá»• YÃªn,2026-05-06-00,abcxy132522222.77jhjhdks080186547550.0
1780000000000.0,-71,-6.0,21.45105243,105.8842349,T?nh Thái Nguyên,PhÆ°á» ng Phá»• YÃªn,2026-05-06-00,abcxy132522222.77jhjhdks080186547550.0
1780000000000.0,-77,-6.0,21.45010829,105.8836126,T?nh Thái Nguyên,PhÆ°á» ng Phá»• YÃªn,2026-05-06-00,abcxy132522222.77jhjhdks080186547550.0
1780000000000.0,-77,-6.0,21.45002246,105.8838272,T?nh Thái Nguyên,PhÆ°á» ng Phá»• YÃªn,2026-05-06-00,abcxy132522222.77jhjhdks080186547550.0
1780000000000.0,-77,-5.5,21.45029068,105.8836555,T?nh Thái Nguyên,PhÆ°á» ng Phá»• YÃªn,2026-05-06-00,abcxy132522222.77jhjhdks080186547550.0
1780000000000.0,-85,-10.0,21.449368,105.8844066,T?nh Thái Nguyên,PhÆ°á» ng Phá»• YÃªn,2026-05-06-00,abcxy132522222.77jhjhdks080186547550.0
1780000000000.0,-78,-6.0,21.449368,105.8844066,T?nh Thái Nguyên,PhÆ°á» ng Phá»• YÃªn,2026-05-06-00,abcxy132522222.77jhjhdks080186547550.0
1780000000000.0,-98,-9.0,21.44433618,105.8852005,T?nh Thái Nguyên,PhÆ°á» ng Phá»• YÃªn,2026-05-06-00,abcxy132522224.73jhjhdks080186547550.0
1780000000000.0,-89,-19.0,21.44854188,105.8845568,T?nh Thái Nguyên,PhÆ°á» ng Phá»• YÃªn,2026-05-06-00,abcxy132522224.73jhjhdks080186547550.0
1780000000000.0,-98,-9.0,21.44433618,105.8852005,T?nh Thái Nguyên,PhÆ°á» ng Phá»• YÃªn,2026-05-06-00,abcxy132522224.73jhjhdks080186547550.0
1780000000000.0,-79,-8.0,21.44459367,105.8854795,T?nh Thái Nguyên,PhÆ°á» ng Phá»• YÃªn,2026-05-06-00,abcxy132522224.73jhjhdks080186547550.0
1780000000000.0,-107,-13.5,21.44278049,105.8930326,T?nh Thái Nguyên,PhÆ°á» ng Phá»• YÃªn,2026-05-06-00,abcxy132522224.73jhjhdks080186547550.0
1780000000000.0,-113,-11.0,21.44279122,105.8926463,T?nh Thái Nguyên,PhÆ°á» ng Phá»• YÃªn,2026-05-06-00,abcxy132522224.73jhjhdks080186547550.0
1780000000000.0,-97,-8.0,21.44432545,105.8851576,T?nh Thái Nguyên,PhÆ°á» ng Phá»• YÃªn,2026-05-06-00,abcxy132522224.73jhjhdks080186547550.0
1780000000000.0,-98,-10.5,21.44429326,105.8852005,T?nh Thái Nguyên,PhÆ°á» ng Phá»• YÃªn,2026-05-06-00,abcxy132522224.73jhjhdks080186547550.0
1780000000000.0,-98,-7.5,21.44433618,105.8851361,T?nh Thái Nguyên,PhÆ°á» ng Phá»• YÃªn,2026-05-06-00,abcxy132522224.73jhjhdks080186547550.0
1780000000000.0,-98,-10.0,21.44431472,105.885179,T?nh Thái Nguyên,PhÆ°á» ng Phá»• YÃªn,2026-05-06-00,abcxy132522224.73jhjhdks080186547550.0
1780000000000.0,-69,-9.0,21.44634247,105.8850288,T?nh Thái Nguyên,PhÆ°á» ng Phá»• YÃªn,2026-05-06-00,abcxy132522224.73jhjhdks080186547550.0
1780000000000.0,-94,-8.5,21.44429326,105.8852005,T?nh Thái Nguyên,PhÆ°á» ng Phá»• YÃªn,2026-05-06-00,abcxy132522224.73jhjhdks080186547550.0
1780000000000.0,-90,-12.0,21.44663215,105.8849645,T?nh Thái Nguyên,PhÆ°á» ng Phá»• YÃªn,2026-05-06-00,abcxy132522224.73jhjhdks080186547550.0
1780000000000.0,-98,-10.5,21.44410014,105.8847713,T?nh Thái Nguyên,PhÆ°á» ng Phá»• YÃªn,2026-05-06-00,abcxy132522224.73jhjhdks080186547550.0
1780000000000.0,-96,-9.0,21.4443469,105.8850932,T?nh Thái Nguyên,PhÆ°á» ng Phá»• YÃªn,2026-05-06-00,abcxy132522224.73jhjhdks080186547550.0
1780000000000.0,-85,-9.5,21.44454002,105.8855009,T?nh Thái Nguyên,PhÆ°á» ng Phá»• YÃªn,2026-05-06-00,abcxy132522224.73jhjhdks080186547550.0
1780000000000.0,-100,-9.0,21.44410014,105.8847713,T?nh Thái Nguyên,PhÆ°á» ng Phá»• YÃªn,2026-05-06-00,abcxy132522224.73jhjhdks080186547550.0
1780000000000.0,-101,-10.5,21.44433618,105.8852005,T?nh Thái Nguyên,PhÆ°á» ng Phá»• YÃªn,2026-05-06-00,abcxy132522224.73jhjhdks080186547550.0
1780000000000.0,-97,-9.0,21.44432545,105.8851576,T?nh Thái Nguyên,PhÆ°á» ng Phá»• YÃªn,2026-05-06-00,abcxy132522224.73jhjhdks080186547550.0
1780000000000.0,-107,-9.5,21.44295216,105.8931398,T?nh Thái Nguyên,PhÆ°á» ng Phá»• YÃªn,2026-05-06-00,abcxy132522224.73jhjhdks080186547550.0
1780000000000.0,-89,-12.5,21.44877791,105.8845139,T?nh Thái Nguyên,PhÆ°á» ng Phá»• YÃªn,2026-05-06-00,abcxy132522224.73jhjhdks080186547550.0
1780000000000.0,-77,-7.5,21.35971785,105.8879256,T?nh Thái Nguyên,PhÆ°á» ng Phá»• YÃªn,2026-05-06-00,abcxy132522224.73jhjhdks080186547550.0
1780000000000.0,-77,-14.5,21.44455075,105.8855009,T?nh Thái Nguyên,PhÆ°á» ng Phá»• YÃªn,2026-05-06-00,abcxy132522224.73jhjhdks080186547550.0
1780000000000.0,-77,-13.0,21.44661069,105.8849645,T?nh Thái Nguyên,PhÆ°á» ng Phá»• YÃªn,2026-05-06-00,abcxy132522224.73jhjhdks080186547550.0
1780000000000.0,-131,-17.0,21.44432545,105.8852005,T?nh Thái Nguyên,PhÆ°á» ng Phá»• YÃªn,2026-05-06-00,abcxy132522224.73jhjhdks080186547550.0
1780000000000.0,-96,-11.0,21.44429326,105.8852005,T?nh Thái Nguyên,PhÆ°á» ng Phá»• YÃªn,2026-05-06-00,abcxy132522224.73jhjhdks080186547550.0
1780000000000.0,-108,-12.0,21.44432545,105.885179,T?nh Thái Nguyên,PhÆ°á» ng Phá»• YÃªn,2026-05-06-00,abcxy132522224.73jhjhdks080186547550.0
1780000000000.0,-75,-7.0,21.44217968,105.8861232,T?nh Thái Nguyên,PhÆ°á» ng Phá»• YÃªn,2026-05-06-00,abcxy132522224.73jhjhdks080186547550.0
1780000000000.0,-100,-8.0,21.45093441,105.8759737,T?nh Thái Nguyên,PhÆ°á» ng Phá»• YÃªn,2026-05-06-00,abcxy132522226.68jhjhdks080186547560.0
